110	1723	10
110	1962	5
110	2218	19
110	2512	4
110	2823	11
110	3104	6
110	3834	2
110	4043	4
110	4400	5
110	4403	8
110	5936	5
110	6151	1
110	7464	17
110	7565	2
110	8585	5
110	8958	1
110	9062	8
110	9194	1
110	9423	14
110	9601	1
110	9925	2
110	9990	2
110	10178	9
110	10259	123
110	10467	6
110	10527	18
110	10542	1
110	10616	3
110	10649	4
110	10723	2
110	10760	1
110	10838	116
110	11740	9
110	12165	6
110	12217	2
110	12302	29
110	12339	5
110	12623	22
110	13611	8
110	13645	6
110	14878	2
110	15514	10
110	15929	8
110	16469	3
110	17997	1
110	18730	1
110	20785	5
110	21641	2
110	21886	2
110	22977	1
110	23119	5
110	23398	1
110	23449	2
110	23576	1
110	23644	1
110	24341	7
110	24812	59
110	24813	13
110	24855	4
110	25048	25
110	25071	6
110	25083	15
110	25115	8
110	25231	18
110	26514	21
110	26601	19
110	26817	3
110	27352	4
110	27606	32
110	27667	21
110	27879	7
110	27906	3
110	27957	1
110	31201	19
110	31467	102
110	31698	4
110	34329	4
110	34456	8
110	36068	8
110	36095	1
110	37222	1
110	39416	4
110	39433	18
110	39512	2
110	39553	8
110	40113	4
110	40890	27
110	40920	4
110	41224	27
110	41384	10
110	41400	3
110	42815	3
110	42883	7
110	43015	8
110	45034	2
110	45326	5
110	45405	5
110	49529	3
110	50091	1
1723	1962	7
1723	2190	6
1723	2218	33
1723	2512	20
1723	2823	8
1723	3104	25
1723	3834	26
1723	4043	14
1723	4400	7
1723	4403	9
1723	5936	31
1723	6151	6
1723	7464	85
1723	7565	18
1723	8434	26
1723	8585	24
1723	9062	44
1723	9194	16
1723	9423	10
1723	9925	11
1723	9990	26
1723	10178	36
1723	10259	311
1723	10467	10
1723	10527	54
1723	10542	3
1723	10616	22
1723	10649	21
1723	10664	1
1723	10723	5
1723	10760	1
1723	10838	274
1723	11684	18
1723	11740	8
1723	12165	12
1723	12217	38
1723	12302	114
1723	12339	25
1723	12623	43
1723	13611	8
1723	14878	8
1723	15514	37
1723	15929	38
1723	16469	5
1723	17997	39
1723	18730	6
1723	20785	2
1723	21641	11
1723	21886	7
1723	22977	34
1723	23119	5
1723	23398	12
1723	23449	1
1723	23576	10
1723	23644	8
1723	24341	7
1723	24812	83
1723	24813	16
1723	24855	13
1723	25048	189
1723	25071	27
1723	25083	75
1723	25115	45
1723	25231	12
1723	26514	68
1723	26601	112
1723	26817	3
1723	27352	36
1723	27606	164
1723	27667	60
1723	27879	39
1723	27906	4
1723	27957	9
1723	30959	1
1723	31201	27
1723	31467	238
1723	31698	32
1723	34329	19
1723	34456	8
1723	34665	3
1723	36068	2
1723	36095	10
1723	37222	10
1723	39433	3
1723	39512	3
1723	39553	1
1723	40113	4
1723	40890	32
1723	40920	3
1723	41224	57
1723	41384	7
1723	41400	9
1723	42815	12
1723	42883	27
1723	43015	33
1723	43297	4
1723	45034	2
1723	45326	37
1723	45405	8
1723	49529	12
1723	50091	1
1962	2190	2
1962	2218	12
1962	2512	1
1962	2823	7
1962	3104	4
1962	3834	2
1962	4043	3
1962	4400	7
1962	4403	7
1962	5936	5
1962	6151	5
1962	7464	17
1962	7565	6
1962	8434	4
1962	8585	3
1962	8958	1
1962	9062	12
1962	9194	2
1962	9423	7
1962	9601	7
1962	9925	2
1962	9990	3
1962	10178	3
1962	10259	111
1962	10467	5
1962	10527	19
1962	10542	1
1962	10616	3
1962	10649	4
1962	10664	5
1962	10723	1
1962	10760	1
1962	10838	108
1962	11684	3
1962	11740	6
1962	12165	6
1962	12217	3
1962	12302	17
1962	12339	4
1962	12623	5
1962	13611	7
1962	13645	1
1962	14878	2
1962	15514	8
1962	15929	7
1962	16469	8
1962	17997	2
1962	18730	1
1962	20785	4
1962	21641	3
1962	21886	1
1962	22977	6
1962	23398	9
1962	23449	5
1962	23576	6
1962	23644	9
1962	24341	4
1962	24812	18
1962	24813	4
1962	24855	2
1962	25048	10
1962	25071	2
1962	25083	5
1962	25115	2
1962	25231	6
1962	26514	5
1962	26601	5
1962	26817	8
1962	27352	1
1962	27606	17
1962	27667	4
1962	27879	16
1962	27906	7
1962	27957	4
1962	30959	4
1962	31201	4
1962	31467	54
1962	31698	3
1962	34329	1
1962	34456	7
1962	34665	2
1962	36068	1
1962	36095	7
1962	37222	1
1962	39433	7
1962	39512	5
1962	39553	1
1962	40113	3
1962	40890	6
1962	40920	2
1962	41224	34
1962	41384	4
1962	41400	1
1962	42815	3
1962	42883	8
1962	43015	7
1962	43297	2
1962	45034	10
1962	45326	2
1962	45405	2
1962	49529	3
1962	50091	5
2190	2218	17
2190	2823	1
2190	3104	5
2190	3834	4
2190	4043	2
2190	4400	2
2190	4403	8
2190	5936	4
2190	6151	8
2190	7464	12
2190	7565	171
2190	8434	2
2190	8585	1
2190	8958	11
2190	9062	8
2190	9194	2
2190	9423	8
2190	9601	1
2190	9925	2
2190	9990	1
2190	10178	5
2190	10259	47
2190	10467	6
2190	10527	3
2190	10616	2
2190	10649	6
2190	10723	33
2190	10760	8
2190	10838	93
2190	11684	2
2190	11740	9
2190	12165	17
2190	12217	3
2190	12302	10
2190	12339	4
2190	12623	3
2190	13611	4
2190	14878	2
2190	15514	6
2190	15929	6
2190	17997	2
2190	18730	2
2190	20785	6
2190	21641	152
2190	21886	65
2190	22977	3
2190	23119	1
2190	23398	1
2190	23449	8
2190	23576	2
2190	24812	26
2190	24813	5
2190	24855	1
2190	25048	8
2190	25071	6
2190	25083	3
2190	25115	1
2190	25231	9
2190	26514	11
2190	26601	7
2190	26817	1
2190	27352	1
2190	27606	23
2190	27667	5
2190	27879	8
2190	31201	2
2190	31467	35
2190	31698	4
2190	34329	3
2190	34456	5
2190	34665	6
2190	36068	21
2190	36095	2
2190	37222	2
2190	39416	5
2190	39433	25
2190	39512	8
2190	39553	3
2190	40113	1
2190	40890	21
2190	40920	2
2190	41224	22
2190	41384	5
2190	41400	1
2190	42815	4
2190	42883	5
2190	43015	2
2190	43297	1
2190	45034	4
2190	45326	1
2190	45405	2
2190	49529	2
2190	50091	8
2218	2512	14
2218	2823	18
2218	3104	46
2218	3834	15
2218	4043	54
2218	4400	11
2218	4403	39
2218	5936	22
2218	6151	27
2218	7464	84
2218	7565	49
2218	8434	6
2218	8585	9
2218	8958	15
2218	9062	60
2218	9194	8
2218	9423	25
2218	9601	2
2218	9925	7
2218	9990	17
2218	10178	28
2218	10259	444
2218	10467	48
2218	10527	71
2218	10542	7
2218	10616	21
2218	10649	22
2218	10664	4
2218	10723	13
2218	10760	10
2218	10838	431
2218	11684	16
2218	11740	28
2218	12165	50
2218	12217	24
2218	12302	98
2218	12339	9
2218	12623	16
2218	13611	21
2218	13645	25
2218	14878	14
2218	15514	13
2218	15929	39
2218	16469	17
2218	17997	8
2218	18730	11
2218	20785	15
2218	21641	38
2218	21886	27
2218	22977	8
2218	23119	40
2218	23398	31
2218	23449	13
2218	23576	14
2218	23644	13
2218	24341	6
2218	24812	142
2218	24813	39
2218	24855	5
2218	25048	86
2218	25071	15
2218	25083	39
2218	25115	18
2218	25231	34
2218	26514	45
2218	26601	83
2218	26817	8
2218	27352	10
2218	27606	220
2218	27667	83
2218	27879	54
2218	27906	17
2218	27957	12
2218	30959	12
2218	31201	16
2218	31467	218
2218	31698	22
2218	34329	10
2218	34456	36
2218	34665	13
2218	36068	29
2218	36095	12
2218	37222	6
2218	39416	9
2218	39433	38
2218	39512	18
2218	39553	9
2218	40113	8
2218	40890	47
2218	40920	10
2218	41224	106
2218	41384	30
2218	41400	13
2218	42815	17
2218	42883	15
2218	43015	10
2218	43297	10
2218	45034	8
2218	45326	7
2218	45405	22
2218	49529	5
2218	50091	9
2512	2823	4
2512	3104	5
2512	3834	1
2512	4043	3
2512	4400	2
2512	4403	4
2512	5936	13
2512	6151	3
2512	7464	74
2512	7565	3
2512	8434	5
2512	8585	9
2512	9062	48
2512	9194	7
2512	9423	7
2512	9925	9
2512	9990	34
2512	10178	28
2512	10259	135
2512	10467	8
2512	10527	61
2512	10542	1
2512	10616	11
2512	10649	13
2512	10723	4
2512	10838	129
2512	11684	6
2512	11740	2
2512	12165	2
2512	12217	25
2512	12302	47
2512	12339	13
2512	12623	32
2512	13611	4
2512	14878	1
2512	15514	21
2512	15929	26
2512	16469	1
2512	17997	12
2512	18730	3
2512	21641	1
2512	21886	1
2512	22977	10
2512	23119	3
2512	23398	7
2512	23449	2
2512	23576	1
2512	23644	1
2512	24341	6
2512	24812	43
2512	24813	15
2512	24855	3
2512	25048	39
2512	25071	8
2512	25083	19
2512	25115	6
2512	25231	7
2512	26514	30
2512	26601	29
2512	26817	1
2512	27352	10
2512	27606	71
2512	27667	37
2512	27879	11
2512	27906	1
2512	27957	1
2512	30959	1
2512	31201	5
2512	31467	131
2512	31698	14
2512	34329	3
2512	34456	12
2512	34665	1
2512	36068	3
2512	37222	5
2512	39433	2
2512	39512	2
2512	39553	1
2512	40890	8
2512	40920	1
2512	41224	14
2512	41384	3
2512	41400	3
2512	42815	3
2512	42883	20
2512	43015	18
2512	43297	3
2512	45326	14
2512	45405	3
2512	49529	1
2512	50091	1
2823	3104	14
2823	3834	12
2823	4043	6
2823	4400	30
2823	4403	45
2823	5936	2
2823	6151	9
2823	7464	39
2823	7565	14
2823	8434	4
2823	8585	4
2823	9062	30
2823	9194	4
2823	9423	87
2823	9925	5
2823	9990	11
2823	10178	17
2823	10259	245
2823	10467	15
2823	10527	16
2823	10542	2
2823	10616	8
2823	10649	8
2823	10664	2
2823	10723	1
2823	10760	2
2823	10838	251
2823	11684	3
2823	11740	28
2823	12165	6
2823	12217	3
2823	12302	19
2823	12339	1
2823	12623	14
2823	13611	24
2823	13645	1
2823	14878	3
2823	15514	25
2823	15929	18
2823	16469	4
2823	17997	4
2823	20785	10
2823	21641	8
2823	21886	7
2823	22977	6
2823	23119	5
2823	23398	14
2823	23449	6
2823	23576	6
2823	23644	8
2823	24341	5
2823	24812	61
2823	24813	16
2823	24855	9
2823	25048	16
2823	25071	3
2823	25083	7
2823	25115	1
2823	25231	20
2823	26514	9
2823	26601	15
2823	26817	3
2823	27352	3
2823	27606	32
2823	27667	15
2823	27879	10
2823	27906	2
2823	27957	1
2823	30959	1
2823	31201	18
2823	31467	158
2823	31698	4
2823	34329	2
2823	34456	14
2823	34665	9
2823	36068	21
2823	36095	10
2823	37222	3
2823	39416	3
2823	39433	14
2823	39512	5
2823	39553	3
2823	40113	4
2823	40890	45
2823	40920	15
2823	41224	3
2823	41384	11
2823	41400	7
2823	42815	11
2823	42883	18
2823	43015	18
2823	43297	5
2823	45034	3
2823	45326	9
2823	45405	8
2823	49529	14
2823	50091	4
3104	3834	2
3104	4043	10
3104	4400	5
3104	4403	9
3104	5936	14
3104	6151	5
3104	7464	47
3104	7565	16
3104	8434	14
3104	8585	3
3104	8958	1
3104	9062	42
3104	9194	6
3104	9423	16
3104	9601	2
3104	9925	10
3104	9990	21
3104	10178	27
3104	10259	261
3104	10467	19
3104	10527	51
3104	10542	5
3104	10616	20
3104	10649	8
3104	10664	1
3104	10723	7
3104	10760	1
3104	10838	229
3104	11684	5
3104	11740	10
3104	12165	12
3104	12217	8
3104	12302	27
3104	12339	3
3104	12623	11
3104	13611	8
3104	13645	7
3104	14878	7
3104	15514	29
3104	15929	39
3104	16469	7
3104	17997	6
3104	18730	2
3104	20785	6
3104	21641	9
3104	21886	6
3104	22977	15
3104	23119	18
3104	23398	19
3104	23449	11
3104	23576	2
3104	23644	5
3104	24341	8
3104	24812	104
3104	24813	27
3104	24855	7
3104	25048	31
3104	25071	4
3104	25083	15
3104	25115	7
3104	25231	26
3104	26514	11
3104	26601	28
3104	26817	10
3104	27352	5
3104	27606	48
3104	27667	21
3104	27879	20
3104	27906	5
3104	27957	4
3104	30959	3
3104	31201	9
3104	31467	140
3104	31698	6
3104	34329	7
3104	34456	19
3104	34665	4
3104	36068	13
3104	36095	14
3104	37222	6
3104	39416	9
3104	39433	31
3104	39512	16
3104	39553	8
3104	40113	10
3104	40890	37
3104	40920	10
3104	41224	56
3104	41384	19
3104	41400	10
3104	42815	14
3104	42883	14
3104	43015	26
3104	43297	7
3104	45034	3
3104	45326	3
3104	45405	8
3104	49529	13
3104	50091	4
3834	4043	2
3834	5936	8
3834	6151	1
3834	7464	33
3834	7565	7
3834	8434	4
3834	8585	5
3834	8958	3
3834	9062	15
3834	9194	3
3834	9423	1
3834	9601	3
3834	9925	4
3834	9990	4
3834	10178	6
3834	10259	158
3834	10467	3
3834	10527	17
3834	10542	4
3834	10616	4
3834	10649	9
3834	10664	2
3834	10760	1
3834	10838	144
3834	11684	9
3834	11740	4
3834	12165	49
3834	12217	3
3834	12302	8
3834	12339	2
3834	12623	7
3834	13611	2
3834	13645	5
3834	14878	5
3834	15514	1
3834	15929	7
3834	16469	2
3834	17997	3
3834	18730	4
3834	20785	2
3834	21641	8
3834	21886	3
3834	22977	5
3834	23119	1
3834	23398	1
3834	23449	10
3834	23576	6
3834	23644	9
3834	24341	1
3834	24812	14
3834	24813	4
3834	25048	10
3834	25071	3
3834	25083	6
3834	25115	1
3834	25231	3
3834	26514	14
3834	26601	12
3834	26817	1
3834	27352	3
3834	27606	31
3834	27667	15
3834	27879	10
3834	27957	3
3834	30959	3
3834	31201	5
3834	31467	58
3834	31698	3
3834	34329	4
3834	34456	6
3834	34665	20
3834	36068	8
3834	36095	4
3834	37222	3
3834	39416	3
3834	39433	23
3834	39512	18
3834	39553	6
3834	40113	5
3834	40890	16
3834	40920	1
3834	41224	58
3834	41384	14
3834	41400	1
3834	42815	4
3834	42883	2
3834	43015	2
3834	43297	17
3834	45034	7
3834	45326	3
3834	45405	16
3834	49529	2
3834	50091	2
4043	4400	6
4043	4403	17
4043	5936	14
4043	6151	29
4043	7464	26
4043	7565	5
4043	8434	2
4043	8585	6
4043	9062	17
4043	9194	3
4043	9423	9
4043	9925	3
4043	9990	7
4043	10178	9
4043	10259	155
4043	10467	8
4043	10527	15
4043	10616	10
4043	10649	10
4043	10664	1
4043	10723	2
4043	10760	3
4043	10838	138
4043	11684	15
4043	11740	17
4043	12165	11
4043	12217	11
4043	12302	37
4043	12339	5
4043	12623	7
4043	13611	24
4043	13645	10
4043	14878	4
4043	15514	5
4043	15929	15
4043	16469	4
4043	17997	7
4043	18730	4
4043	20785	9
4043	21641	5
4043	21886	3
4043	22977	1
4043	23119	26
4043	23398	19
4043	23449	5
4043	23576	2
4043	23644	2
4043	24341	5
4043	24812	57
4043	24813	13
4043	24855	2
4043	25048	38
4043	25071	4
4043	25083	15
4043	25115	10
4043	25231	11
4043	26514	21
4043	26601	23
4043	26817	1
4043	27352	4
4043	27606	62
4043	27667	16
4043	27879	10
4043	27906	5
4043	30959	3
4043	31201	3
4043	31467	77
4043	31698	6
4043	34329	5
4043	34456	7
4043	34665	1
4043	36068	19
4043	36095	6
4043	37222	3
4043	39416	2
4043	39433	13
4043	39512	4
4043	39553	1
4043	40890	25
4043	40920	5
4043	41224	32
4043	41384	7
4043	41400	5
4043	42815	10
4043	42883	3
4043	43015	3
4043	43297	1
4043	45034	3
4043	45326	3
4043	45405	4
4043	49529	2
4043	50091	1
4400	4403	234
4400	6151	8
4400	7464	17
4400	7565	5
4400	8434	2
4400	8585	1
4400	8958	5
4400	9062	18
4400	9194	3
4400	9423	30
4400	9925	5
4400	9990	11
4400	10178	14
4400	10259	179
4400	10467	10
4400	10527	20
4400	10542	3
4400	10616	6
4400	10649	10
4400	10723	2
4400	10760	1
4400	10838	190
4400	11684	1
4400	11740	24
4400	12165	4
4400	12302	12
4400	12339	4
4400	12623	8
4400	13611	28
4400	13645	4
4400	14878	1
4400	15514	21
4400	15929	12
4400	16469	5
4400	20785	12
4400	21641	4
4400	21886	4
4400	22977	3
4400	23119	10
4400	23398	14
4400	23449	2
4400	23576	3
4400	23644	2
4400	24341	11
4400	24812	81
4400	24813	9
4400	24855	3
4400	25048	13
4400	25071	4
4400	25083	6
4400	25115	5
4400	25231	27
4400	26514	3
4400	26601	3
4400	26817	4
4400	27606	14
4400	27667	10
4400	27879	8
4400	27906	1
4400	27957	2
4400	30959	4
4400	31201	8
4400	31467	82
4400	31698	2
4400	34329	3
4400	34456	12
4400	34665	3
4400	36068	21
4400	37222	3
4400	39416	1
4400	39433	3
4400	39512	2
4400	40113	1
4400	40890	30
4400	40920	9
4400	41224	1
4400	41384	9
4400	41400	5
4400	42815	6
4400	42883	22
4400	43015	21
4400	45034	1
4400	45326	1
4400	45405	4
4400	49529	8
4400	50091	4
4403	6151	21
4403	7464	27
4403	7565	12
4403	8434	3
4403	8585	2
4403	8958	8
4403	9062	23
4403	9194	5
4403	9423	51
4403	9601	1
4403	9925	5
4403	9990	11
4403	10178	19
4403	10259	279
4403	10467	16
4403	10527	29
4403	10542	3
4403	10616	10
4403	10649	21
4403	10723	7
4403	10760	3
4403	10838	315
4403	11684	2
4403	11740	38
4403	12165	10
4403	12217	1
4403	12302	25
4403	12339	5
4403	12623	13
4403	13611	39
4403	13645	11
4403	14878	1
4403	15514	33
4403	15929	18
4403	16469	5
4403	18730	1
4403	20785	24
4403	21641	11
4403	21886	7
4403	22977	3
4403	23119	31
4403	23398	25
4403	23449	8
4403	23576	4
4403	23644	2
4403	24341	10
4403	24812	140
4403	24813	28
4403	24855	4
4403	25048	21
4403	25071	7
4403	25083	9
4403	25115	5
4403	25231	58
4403	26514	4
4403	26601	6
4403	26817	6
4403	27352	1
4403	27606	34
4403	27667	9
4403	27879	13
4403	27906	3
4403	27957	2
4403	30959	5
4403	31201	20
4403	31467	128
4403	31698	4
4403	34329	3
4403	34456	16
4403	34665	4
4403	36068	49
4403	36095	20
4403	37222	5
4403	39416	2
4403	39433	14
4403	39512	7
4403	39553	1
4403	40113	4
4403	40890	59
4403	40920	17
4403	41224	59
4403	41384	15
4403	41400	9
4403	42815	14
4403	42883	41
4403	43015	32
4403	45034	2
4403	45326	2
4403	45405	11
4403	49529	8
4403	50091	4
5936	6151	3
5936	7464	113
5936	7565	10
5936	8434	1
5936	8585	35
5936	9062	30
5936	9194	3
5936	9423	16
5936	9925	2
5936	9990	6
5936	10178	7
5936	10259	280
5936	10467	14
5936	10527	43
5936	10542	2
5936	10616	3
5936	10649	19
5936	10723	2
5936	10760	4
5936	10838	287
5936	11684	37
5936	11740	4
5936	12165	6
5936	12217	78
5936	12302	114
5936	12339	32
5936	12623	28
5936	13611	5
5936	14878	8
5936	15514	10
5936	15929	11
5936	16469	1
5936	17997	56
5936	18730	8
5936	20785	2
5936	21641	2
5936	22977	1
5936	23119	2
5936	23398	6
5936	23449	18
5936	23576	7
5936	23644	8
5936	24341	3
5936	24812	45
5936	24813	10
5936	24855	9
5936	25048	141
5936	25071	29
5936	25083	73
5936	25115	46
5936	25231	6
5936	26514	69
5936	26601	120
5936	26817	2
5936	27352	30
5936	27606	186
5936	27667	98
5936	27879	68
5936	27906	21
5936	27957	20
5936	31201	13
5936	31467	168
5936	31698	28
5936	34329	21
5936	34456	14
5936	34665	20
5936	36068	4
5936	36095	3
5936	37222	2
5936	39416	2
5936	39433	15
5936	39512	3
5936	39553	2
5936	40890	11
5936	40920	3
5936	41224	44
5936	41384	8
5936	41400	6
5936	42815	1
5936	42883	7
5936	43015	8
5936	43297	16
5936	45034	1
5936	45326	51
5936	45405	2
5936	49529	3
5936	50091	3
6151	7464	15
6151	7565	14
6151	8585	2
6151	8958	3
6151	9062	13
6151	9194	3
6151	9423	22
6151	9601	1
6151	9925	6
6151	9990	2
6151	10178	11
6151	10259	106
6151	10467	2
6151	10527	12
6151	10542	5
6151	10616	7
6151	10649	8
6151	10664	2
6151	10723	4
6151	10760	4
6151	10838	120
6151	11684	4
6151	11740	10
6151	12165	5
6151	12217	4
6151	12302	16
6151	12339	2
6151	12623	15
6151	13611	24
6151	13645	3
6151	14878	5
6151	15514	9
6151	15929	11
6151	16469	4
6151	17997	3
6151	18730	2
6151	20785	10
6151	21641	10
6151	21886	5
6151	22977	2
6151	23119	16
6151	23398	10
6151	23449	6
6151	23644	2
6151	24341	2
6151	24812	45
6151	24813	12
6151	24855	4
6151	25048	13
6151	25071	7
6151	25083	7
6151	25115	4
6151	25231	14
6151	26514	6
6151	26601	11
6151	26817	1
6151	27352	3
6151	27606	30
6151	27667	11
6151	27879	9
6151	27906	2
6151	27957	1
6151	31201	6
6151	31467	54
6151	31698	2
6151	34329	3
6151	34456	6
6151	34665	3
6151	36068	8
6151	36095	6
6151	37222	3
6151	39433	11
6151	39512	10
6151	39553	1
6151	40890	15
6151	40920	7
6151	41224	23
6151	41384	5
6151	41400	5
6151	42815	2
6151	42883	7
6151	43015	6
6151	43297	4
6151	45034	3
6151	45326	2
6151	45405	4
6151	49529	1
7464	7565	39
7464	8434	31
7464	8585	41
7464	8958	17
7464	9062	605
7464	9194	38
7464	9423	43
7464	9601	9
7464	9925	44
7464	9990	278
7464	10178	148
7464	10259	972
7464	10467	53
7464	10527	432
7464	10542	85
7464	10616	66
7464	10649	77
7464	10664	8
7464	10723	16
7464	10760	68
7464	10838	769
7464	11684	39
7464	11740	21
7464	12165	52
7464	12217	103
7464	12302	198
7464	12339	47
7464	13611	22
7464	13645	10
7464	14878	29
7464	15514	121
7464	15929	154
7464	16469	11
7464	17997	70
7464	18730	33
7464	20785	12
7464	21641	16
7464	21886	12
7464	22977	56
7464	23119	14
7464	23398	29
7464	23449	20
7464	23576	16
7464	23644	21
7464	24341	23
7464	24812	161
7464	24813	39
7464	24855	23
7464	25048	434
7464	25071	129
7464	25083	299
7464	25115	100
7464	25231	28
7464	26514	140
7464	26601	199
7464	26817	11
7464	27352	40
7464	27606	300
7464	27667	157
7464	27879	1
7464	27906	2
7464	27957	1
7464	30959	25
7464	31201	30
7464	31467	1004
7464	31698	50
7464	34329	45
7464	34456	93
7464	34665	146
7464	36068	21
7464	36095	8
7464	37222	28
7464	39416	17
7464	39433	82
7464	39512	30
7464	39553	20
7464	40113	17
7464	40890	63
7464	40920	14
7464	41224	74
7464	41384	44
7464	41400	28
7464	42815	20
7464	42883	65
7464	43015	97
7464	43297	31
7464	45034	21
7464	45326	58
7464	45405	49
7464	49529	22
7464	50091	18
7565	8434	3
7565	8585	5
7565	8958	21
7565	9062	19
7565	9194	3
7565	9423	22
7565	9601	2
7565	9925	4
7565	9990	5
7565	10178	9
7565	10259	147
7565	10467	13
7565	10527	25
7565	10542	2
7565	10616	4
7565	10649	12
7565	10723	45
7565	10760	15
7565	10838	225
7565	11684	5
7565	11740	18
7565	12165	25
7565	12217	8
7565	12302	27
7565	12339	7
7565	12623	10
7565	13611	8
7565	13645	2
7565	14878	4
7565	15514	5
7565	15929	12
7565	16469	2
7565	17997	10
7565	18730	9
7565	20785	20
7565	21641	260
7565	21886	164
7565	22977	6
7565	23119	8
7565	23398	9
7565	23449	22
7565	23576	11
7565	23644	5
7565	24341	2
7565	24812	59
7565	24813	11
7565	24855	2
7565	25048	35
7565	25071	9
7565	25083	18
7565	25115	9
7565	25231	7
7565	26514	14
7565	26601	18
7565	26817	4
7565	27352	4
7565	27606	59
7565	27667	11
7565	27879	25
7565	27906	1
7565	27957	3
7565	30959	2
7565	31201	9
7565	31467	82
7565	31698	6
7565	34329	8
7565	34456	11
7565	34665	13
7565	36068	53
7565	36095	2
7565	37222	3
7565	39416	8
7565	39433	45
7565	39512	21
7565	39553	7
7565	40113	2
7565	40890	31
7565	40920	5
7565	41224	40
7565	41384	15
7565	41400	5
7565	42815	5
7565	42883	7
7565	43015	3
7565	43297	1
7565	45034	7
7565	45326	1
7565	45405	11
7565	49529	8
7565	50091	14
8434	8585	4
8434	8958	1
8434	9062	25
8434	9194	17
8434	9423	4
8434	9601	2
8434	9925	9
8434	9990	15
8434	10178	27
8434	10259	142
8434	10467	6
8434	10527	39
8434	10616	15
8434	10649	8
8434	10723	2
8434	10838	125
8434	11684	2
8434	11740	1
8434	12165	6
8434	12217	2
8434	12302	6
8434	12339	2
8434	12623	2
8434	13611	4
8434	13645	4
8434	14878	1
8434	15514	11
8434	15929	27
8434	16469	1
8434	17997	2
8434	18730	2
8434	20785	1
8434	21641	2
8434	21886	1
8434	22977	121
8434	23119	10
8434	23398	9
8434	23449	3
8434	23576	6
8434	23644	8
8434	24341	1
8434	24812	13
8434	24813	3
8434	24855	4
8434	25048	27
8434	25071	5
8434	25083	15
8434	25115	8
8434	25231	4
8434	26514	6
8434	26601	9
8434	26817	8
8434	27352	5
8434	27606	17
8434	27667	11
8434	27879	11
8434	27906	2
8434	30959	1
8434	31201	9
8434	31467	105
8434	31698	2
8434	34329	1
8434	34456	7
8434	36068	2
8434	36095	3
8434	37222	11
8434	39416	6
8434	39433	25
8434	39512	8
8434	39553	2
8434	40113	2
8434	40890	21
8434	41224	29
8434	41384	14
8434	41400	6
8434	42883	7
8434	43015	9
8434	43297	1
8434	45034	3
8434	45326	5
8434	45405	6
8434	49529	12
8434	50091	5
8585	9062	17
8585	9423	7
8585	9925	1
8585	9990	5
8585	10178	3
8585	10259	119
8585	10467	5
8585	10527	20
8585	10542	3
8585	10616	1
8585	10649	4
8585	10723	1
8585	10760	3
8585	10838	132
8585	11684	8
8585	11740	1
8585	12165	1
8585	12217	14
8585	12302	132
8585	12339	50
8585	12623	13
8585	13611	4
8585	14878	1
8585	15514	7
8585	15929	2
8585	16469	1
8585	17997	12
8585	18730	3
8585	20785	1
8585	21641	1
8585	21886	1
8585	22977	5
8585	23119	3
8585	23398	2
8585	24341	1
8585	24812	34
8585	24813	8
8585	24855	5
8585	25048	50
8585	25071	15
8585	25083	30
8585	25115	15
8585	25231	7
8585	26514	29
8585	26601	57
8585	27352	37
8585	27606	46
8585	27667	25
8585	27879	42
8585	27906	16
8585	27957	14
8585	31201	15
8585	31467	74
8585	31698	9
8585	34329	8
8585	34456	6
8585	34665	2
8585	36068	1
8585	36095	1
8585	39433	1
8585	39512	1
8585	40113	2
8585	40890	6
8585	41224	20
8585	41384	3
8585	41400	3
8585	42815	4
8585	42883	5
8585	43015	7
8585	43297	6
8585	45326	13
8585	45405	1
8585	49529	1
8958	9062	20
8958	9194	2
8958	9423	5
8958	9601	1
8958	9990	7
8958	10259	77
8958	10467	10
8958	10527	28
8958	10542	5
8958	10649	4
8958	10664	2
8958	10723	9
8958	10760	11
8958	10838	80
8958	11684	2
8958	11740	5
8958	12165	3
8958	12217	1
8958	12623	2
8958	13611	2
8958	13645	6
8958	14878	6
8958	15514	2
8958	16469	2
8958	18730	1
8958	20785	9
8958	21641	36
8958	21886	31
8958	22977	1
8958	23119	2
8958	23398	4
8958	23449	6
8958	23576	4
8958	23644	4
8958	24812	5
8958	24813	2
8958	25048	1
8958	25231	3
8958	26514	2
8958	26601	2
8958	27606	1
8958	27879	15
8958	27906	1
8958	27957	1
8958	30959	4
8958	31467	27
8958	34456	3
8958	34665	15
8958	36068	9
8958	36095	3
8958	37222	2
8958	39416	1
8958	39433	13
8958	39512	5
8958	39553	2
8958	40113	1
8958	40890	10
8958	40920	5
8958	41224	19
8958	41384	4
8958	41400	3
8958	42815	2
8958	43297	2
8958	45034	3
8958	45326	1
8958	45405	11
8958	50091	1
9062	9423	31
9062	9601	5
9062	9925	24
9062	9990	278
9062	10178	86
9062	10259	602
9062	10467	62
9062	10527	411
9062	10542	69
9062	10616	35
9062	10649	64
9062	10664	7
9062	10723	15
9062	10760	39
9062	10838	407
9062	11684	17
9062	11740	20
9062	12165	29
9062	12217	40
9062	12302	71
9062	12339	14
9062	12623	57
9062	13611	18
9062	13645	7
9062	14878	18
9062	15514	106
9062	15929	95
9062	16469	5
9062	17997	21
9062	18730	24
9062	20785	10
9062	21641	11
9062	21886	7
9062	22977	32
9062	23119	14
9062	23398	27
9062	23449	12
9062	23576	11
9062	23644	15
9062	24341	10
9062	24812	97
9062	24813	19
9062	24855	14
9062	25048	87
9062	25071	21
9062	25083	44
9062	25115	30
9062	25231	17
9062	26514	56
9062	26601	73
9062	26817	11
9062	27352	18
9062	27606	138
9062	27667	75
9062	27879	84
9062	27906	9
9062	27957	14
9062	30959	20
9062	31201	18
9062	31467	740
9062	31698	20
9062	34329	9
9062	34456	61
9062	34665	31
9062	36068	10
9062	36095	7
9062	39416	14
9062	39433	68
9062	39512	29
9062	39553	18
9062	40113	12
9062	40890	39
9062	40920	12
9062	41224	29
9062	41384	40
9062	41400	20
9062	42815	14
9062	42883	60
9062	43015	90
9062	43297	15
9062	45034	10
9062	45326	23
9062	45405	26
9062	49529	12
9062	50091	18
9194	9423	7
9194	9601	2
9194	9925	12
9194	9990	21
9194	10178	46
9194	10259	147
9194	10467	11
9194	10527	49
9194	10542	2
9194	10616	24
9194	10649	12
9194	10664	1
9194	10723	1
9194	10838	133
9194	11740	5
9194	12165	11
9194	12217	6
9194	12302	7
9194	12339	2
9194	12623	6
9194	13611	4
9194	13645	3
9194	15514	26
9194	15929	42
9194	16469	4
9194	18730	3
9194	20785	5
9194	21641	1
9194	21886	1
9194	22977	46
9194	23119	4
9194	23398	8
9194	23449	6
9194	23576	12
9194	23644	12
9194	24341	5
9194	24812	18
9194	24813	2
9194	24855	2
9194	25048	15
9194	25083	5
9194	25115	2
9194	25231	2
9194	26514	7
9194	26601	8
9194	26817	2
9194	27352	3
9194	27606	11
9194	27667	3
9194	27879	11
9194	30959	16
9194	31201	9
9194	31467	95
9194	31698	2
9194	34456	3
9194	34665	1
9194	36068	2
9194	36095	2
9194	37222	172
9194	39416	9
9194	39433	35
9194	39512	15
9194	39553	7
9194	40113	7
9194	40890	22
9194	40920	1
9194	41224	49
9194	41384	22
9194	41400	5
9194	42815	3
9194	42883	12
9194	43015	15
9194	45034	3
9194	45326	3
9194	45405	5
9194	50091	3
9423	9601	5
9423	9925	5
9423	9990	15
9423	10178	26
9423	10259	318
9423	10467	13
9423	10527	35
9423	10542	7
9423	10616	9
9423	10649	22
9423	10664	5
9423	10723	6
9423	10760	5
9423	10838	319
9423	11684	5
9423	11740	56
9423	12165	10
9423	12217	9
9423	12302	26
9423	12339	4
9423	12623	9
9423	13611	39
9423	13645	7
9423	14878	5
9423	15514	25
9423	15929	36
9423	16469	6
9423	17997	7
9423	18730	2
9423	20785	15
9423	21641	11
9423	21886	9
9423	22977	6
9423	23119	8
9423	23398	23
9423	23449	12
9423	23576	4
9423	23644	7
9423	24341	10
9423	24812	94
9423	24813	19
9423	24855	14
9423	25048	24
9423	25071	5
9423	25083	12
9423	25115	2
9423	25231	27
9423	26514	16
9423	26601	19
9423	26817	12
9423	27352	3
9423	27606	47
9423	27667	15
9423	27879	52
9423	27906	10
9423	27957	9
9423	30959	8
9423	31201	19
9423	31467	208
9423	31698	6
9423	34329	4
9423	34456	23
9423	34665	4
9423	36068	34
9423	36095	24
9423	37222	5
9423	39416	3
9423	39433	23
9423	39512	9
9423	39553	3
9423	40113	7
9423	40890	52
9423	40920	9
9423	41224	51
9423	41384	35
9423	41400	9
9423	42815	11
9423	42883	21
9423	43015	22
9423	43297	3
9423	45034	12
9423	45326	9
9423	45405	12
9423	49529	7
9423	50091	6
9601	9925	1
9601	9990	3
9601	10178	3
9601	10259	135
9601	10467	6
9601	10527	11
9601	10542	6
9601	10616	2
9601	10649	1
9601	10664	42
9601	10760	1
9601	10838	115
9601	11684	2
9601	11740	2
9601	12165	4
9601	12217	1
9601	12302	1
9601	12623	2
9601	13611	1
9601	13645	2
9601	14878	25
9601	15514	2
9601	15929	6
9601	16469	45
9601	20785	1
9601	21641	2
9601	21886	1
9601	22977	3
9601	23398	1
9601	23449	4
9601	23576	6
9601	23644	6
9601	24812	15
9601	24813	5
9601	24855	1
9601	25048	4
9601	25083	1
9601	26601	15
9601	26817	4
9601	27606	4
9601	27667	2
9601	27879	6
9601	27906	1
9601	30959	11
9601	31201	1
9601	31467	22
9601	34329	2
9601	34456	5
9601	36068	4
9601	36095	4
9601	37222	2
9601	39416	1
9601	39433	5
9601	39512	2
9601	40113	3
9601	40890	2
9601	40920	1
9601	41224	57
9601	41384	4
9601	41400	3
9601	42883	3
9601	43015	3
9601	43297	1
9601	45034	82
9601	45405	8
9925	9990	43
9925	10178	147
9925	10259	132
9925	10467	3
9925	10527	44
9925	10616	171
9925	10649	9
9925	10723	4
9925	10838	123
9925	11740	5
9925	12165	10
9925	12217	1
9925	12302	10
9925	12339	1
9925	12623	5
9925	13611	6
9925	13645	2
9925	14878	3
9925	15514	19
9925	15929	158
9925	16469	1
9925	17997	2
9925	18730	1
9925	20785	3
9925	21641	2
9925	21886	1
9925	22977	12
9925	23119	18
9925	23398	8
9925	23449	2
9925	23644	1
9925	24341	4
9925	24812	18
9925	24813	1
9925	25048	18
9925	25071	6
9925	25083	10
9925	25115	5
9925	25231	3
9925	26514	5
9925	26601	14
9925	26817	5
9925	27352	1
9925	27606	15
9925	27667	11
9925	27879	4
9925	27957	1
9925	30959	1
9925	31201	3
9925	31467	84
9925	31698	3
9925	34456	3
9925	36068	2
9925	37222	7
9925	39416	3
9925	39433	17
9925	39512	7
9925	39553	2
9925	40113	2
9925	40890	12
9925	40920	1
9925	41384	7
9925	41400	3
9925	42815	2
9925	42883	19
9925	43015	22
9925	45034	1
9925	45326	2
9925	45405	2
9925	49529	2
9990	10178	97
9990	10259	341
9990	10467	34
9990	10527	289
9990	10542	17
9990	10616	54
9990	10649	30
9990	10664	1
9990	10723	8
9990	10760	7
9990	10838	104
9990	11684	2
9990	11740	4
9990	12165	12
9990	12217	9
9990	12302	31
9990	12339	4
9990	12623	27
9990	13611	7
9990	13645	5
9990	14878	5
9990	15514	103
9990	15929	80
9990	16469	1
9990	17997	6
9990	18730	10
9990	20785	3
9990	21641	1
9990	21886	1
9990	22977	26
9990	23119	5
9990	23398	12
9990	23449	3
9990	23576	5
9990	23644	7
9990	24341	3
9990	24812	40
9990	24813	8
9990	24855	2
9990	25048	53
9990	25071	11
9990	25083	22
9990	25115	16
9990	25231	6
9990	26514	18
9990	26601	28
9990	26817	5
9990	27352	8
9990	27606	57
9990	27667	39
9990	27879	22
9990	27906	3
9990	27957	3
9990	30959	6
9990	31201	5
9990	31467	373
9990	31698	5
9990	34329	7
9990	34456	21
9990	34665	8
9990	36068	6
9990	36095	3
9990	37222	12
9990	39416	8
9990	39433	30
9990	39512	6
9990	39553	9
9990	40113	4
9990	40890	26
9990	40920	5
9990	41224	9
9990	41384	11
9990	41400	13
9990	42815	12
9990	42883	59
9990	43015	87
9990	43297	2
9990	45034	2
9990	45326	7
9990	45405	10
9990	49529	4
9990	50091	12
10178	10259	293
10178	10467	9
10178	10527	95
10178	10542	1
10178	10616	217
10178	10649	32
10178	10664	3
10178	10723	6
10178	10760	1
10178	10838	281
10178	11684	2
10178	11740	13
10178	12165	16
10178	12217	7
10178	12302	27
10178	12339	4
10178	12623	25
10178	13611	19
10178	13645	6
10178	14878	3
10178	15514	116
10178	15929	405
10178	16469	4
10178	17997	8
10178	18730	3
10178	20785	11
10178	21641	2
10178	21886	1
10178	22977	34
10178	23119	28
10178	23398	22
10178	23449	2
10178	23576	4
10178	23644	7
10178	24341	6
10178	24812	70
10178	24813	19
10178	24855	2
10178	25048	54
10178	25071	10
10178	25083	22
10178	25115	10
10178	25231	13
10178	26514	12
10178	26601	37
10178	26817	13
10178	27352	4
10178	27606	46
10178	27667	19
10178	27879	11
10178	27957	1
10178	30959	2
10178	31201	15
10178	31467	258
10178	31698	6
10178	34329	4
10178	34456	12
10178	36068	9
10178	36095	7
10178	37222	30
10178	39416	17
10178	39433	62
10178	39512	17
10178	39553	10
10178	40113	15
10178	40890	43
10178	40920	8
10178	41224	39
10178	41384	24
10178	41400	14
10178	42815	8
10178	42883	50
10178	43015	76
10178	45034	5
10178	45326	7
10178	45405	9
10178	49529	5
10178	50091	7
10259	10467	365
10259	10527	995
10259	10542	157
10259	10616	197
10259	10649	225
10259	10664	130
10259	10723	67
10259	10760	113
10259	10838	4655
10259	11684	131
10259	11740	189
10259	12165	258
10259	12217	211
10259	12302	595
10259	12339	131
10259	12623	241
10259	13611	144
10259	13645	86
10259	14878	130
10259	15514	336
10259	15929	399
10259	16469	139
10259	17997	142
10259	18730	93
10259	20785	112
10259	21641	78
10259	21886	51
10259	22977	223
10259	23119	135
10259	23398	211
10259	23449	188
10259	23576	192
10259	23644	205
10259	24341	91
10259	24812	826
10259	24813	142
10259	24855	111
10259	25048	656
10259	25071	128
10259	25083	305
10259	25115	200
10259	25231	222
10259	26514	351
10259	26601	474
10259	26817	114
10259	27352	108
10259	27606	999
10259	27667	506
10259	27879	598
10259	27906	146
10259	27957	149
10259	30959	120
10259	31201	169
10259	31467	2332
10259	31698	146
10259	34329	126
10259	34456	331
10259	34665	171
10259	36068	177
10259	36095	77
10259	37222	100
10259	39416	141
10259	39433	526
10259	39512	253
10259	39553	102
10259	40113	104
10259	40890	362
10259	40920	94
10259	41224	1030
10259	41384	280
10259	41400	162
10259	42815	116
10259	42883	239
10259	43015	279
10259	43297	119
10259	45034	241
10259	45326	119
10259	45405	211
10259	49529	102
10259	50091	123
10467	10527	108
10467	10542	14
10467	10616	6
10467	10649	13
10467	10664	6
10467	10723	5
10467	10760	14
10467	10838	326
10467	11684	7
10467	11740	11
10467	12165	16
10467	12217	8
10467	12302	32
10467	12339	6
10467	12623	9
10467	13611	4
10467	13645	7
10467	14878	4
10467	15514	22
10467	15929	14
10467	16469	3
10467	17997	8
10467	18730	9
10467	20785	10
10467	21641	5
10467	21886	1
10467	22977	9
10467	23119	5
10467	23398	10
10467	23449	10
10467	23576	14
10467	23644	12
10467	24341	2
10467	24812	44
10467	24813	8
10467	24855	3
10467	25048	21
10467	25083	5
10467	25115	8
10467	25231	8
10467	26514	25
10467	26601	25
10467	26817	3
10467	27352	3
10467	27606	64
10467	27667	35
10467	27879	42
10467	27906	6
10467	27957	8
10467	30959	12
10467	31201	2
10467	31467	145
10467	31698	8
10467	34329	6
10467	34456	39
10467	34665	3
10467	36068	3
10467	36095	2
10467	37222	8
10467	39416	5
10467	39433	35
10467	39512	24
10467	39553	6
10467	40113	1
10467	40890	18
10467	40920	2
10467	41224	61
10467	41384	13
10467	41400	6
10467	42815	9
10467	42883	12
10467	43015	15
10467	43297	12
10467	45034	8
10467	45326	6
10467	45405	7
10467	49529	2
10467	50091	6
10527	10542	44
10527	10616	65
10527	10649	64
10527	10664	12
10527	10723	63
10527	10760	23
10527	10838	761
10527	11684	14
10527	11740	18
10527	12165	35
10527	12217	40
10527	12302	107
10527	12339	24
10527	12623	67
10527	13611	16
10527	13645	10
10527	14878	14
10527	15514	127
10527	15929	104
10527	16469	11
10527	17997	22
10527	18730	22
10527	20785	22
10527	21641	11
10527	21886	7
10527	22977	52
10527	23119	13
10527	23398	23
10527	23449	13
10527	23576	27
10527	23644	35
10527	24341	13
10527	24812	134
10527	24813	17
10527	24855	15
10527	25048	151
10527	25071	31
10527	25083	73
10527	25115	46
10527	25231	31
10527	26514	69
10527	26601	98
10527	26817	15
10527	27352	26
10527	27606	179
10527	27667	113
10527	27879	126
10527	27906	21
10527	27957	32
10527	30959	23
10527	31201	23
10527	31467	791
10527	31698	31
10527	34329	23
10527	34456	78
10527	34665	36
10527	36068	23
10527	36095	9
10527	37222	34
10527	39416	21
10527	39433	90
10527	39512	36
10527	39553	25
10527	40113	15
10527	40890	61
10527	40920	11
10527	41224	92
10527	41384	40
10527	41400	19
10527	42815	24
10527	42883	78
10527	43015	102
10527	43297	15
10527	45034	18
10527	45326	22
10527	45405	36
10527	49529	22
10527	50091	35
10542	10649	4
10542	10664	4
10542	10723	4
10542	10760	70
10542	10838	145
10542	11684	2
10542	11740	4
10542	12165	4
10542	12217	1
10542	12302	11
10542	12339	1
10542	12623	7
10542	13611	5
10542	14878	5
10542	15514	3
10542	16469	6
10542	17997	2
10542	18730	4
10542	20785	3
10542	21641	2
10542	21886	1
10542	22977	1
10542	23398	4
10542	23449	7
10542	23576	4
10542	23644	9
10542	24812	15
10542	24813	2
10542	25048	4
10542	25083	1
10542	25115	3
10542	25231	5
10542	26514	7
10542	26601	6
10542	26817	1
10542	27352	2
10542	27606	17
10542	27667	13
10542	27879	38
10542	27906	3
10542	27957	13
10542	30959	10
10542	31467	59
10542	31698	2
10542	34329	3
10542	34456	20
10542	34665	17
10542	36068	3
10542	37222	2
10542	39416	1
10542	39433	5
10542	39512	6
10542	39553	1
10542	40890	6
10542	41224	5
10542	41384	3
10542	41400	2
10542	42815	5
10542	43015	1
10542	43297	11
10542	45034	9
10542	45326	1
10542	45405	11
10542	50091	5
10616	10649	22
10616	10664	2
10616	10723	6
10616	10838	187
10616	11740	7
10616	12165	14
10616	12217	3
10616	12302	11
10616	12339	1
10616	12623	11
10616	13611	6
10616	13645	3
10616	14878	3
10616	15514	42
10616	15929	229
10616	16469	2
10616	17997	7
10616	18730	1
10616	20785	4
10616	21641	2
10616	21886	1
10616	22977	20
10616	23119	32
10616	23398	11
10616	23449	4
10616	23576	2
10616	23644	2
10616	24341	4
10616	24812	46
10616	24813	9
10616	24855	1
10616	25048	33
10616	25071	7
10616	25083	18
10616	25115	8
10616	25231	6
10616	26514	7
10616	26601	19
10616	26817	7
10616	27352	1
10616	27606	30
10616	27667	11
10616	27879	5
10616	27957	1
10616	30959	2
10616	31201	5
10616	31467	126
10616	31698	3
10616	34329	2
10616	34456	7
10616	36068	6
10616	36095	2
10616	37222	13
10616	39416	4
10616	39433	27
10616	39512	9
10616	39553	6
10616	40113	9
10616	40890	28
10616	40920	6
10616	41224	18
10616	41384	12
10616	41400	5
10616	42815	5
10616	42883	28
10616	43015	29
10616	45034	3
10616	45326	5
10616	45405	4
10616	49529	6
10616	50091	4
10649	10664	1
10649	10723	2
10649	10760	3
10649	10838	133
10649	11684	6
10649	11740	5
10649	12165	14
10649	12217	12
10649	12302	24
10649	12339	5
10649	12623	21
10649	13611	6
10649	13645	3
10649	14878	4
10649	15514	46
10649	15929	38
10649	16469	1
10649	17997	6
10649	18730	5
10649	20785	2
10649	21641	8
10649	21886	4
10649	22977	12
10649	23119	10
10649	23398	3
10649	23449	3
10649	23576	7
10649	23644	10
10649	24341	5
10649	24812	51
10649	24813	9
10649	24855	4
10649	25048	43
10649	25071	11
10649	25083	19
10649	25115	14
10649	25231	21
10649	26514	13
10649	26601	26
10649	26817	6
10649	27352	3
10649	27606	63
10649	27667	25
10649	27879	30
10649	27906	6
10649	27957	9
10649	30959	2
10649	31201	13
10649	31467	175
10649	31698	11
10649	34329	5
10649	34456	11
10649	34665	7
10649	36068	11
10649	36095	7
10649	37222	6
10649	39416	6
10649	39433	22
10649	39512	11
10649	39553	6
10649	40113	5
10649	40890	9
10649	40920	3
10649	41224	43
10649	41384	13
10649	41400	5
10649	42815	5
10649	42883	39
10649	43015	41
10649	43297	6
10649	45034	1
10649	45326	7
10649	45405	10
10649	49529	3
10649	50091	12
10664	10723	3
10664	10760	4
10664	10838	111
10664	11684	4
10664	11740	2
10664	12165	1
10664	13611	4
10664	13645	2
10664	14878	19
10664	15929	5
10664	16469	33
10664	20785	1
10664	22977	1
10664	23398	5
10664	23449	2
10664	23576	8
10664	23644	6
10664	24341	1
10664	24812	6
10664	24813	3
10664	25048	1
10664	25231	1
10664	26514	2
10664	26601	20
10664	26817	2
10664	27606	6
10664	27667	3
10664	27879	2
10664	30959	9
10664	31201	3
10664	31467	30
10664	34329	1
10664	34456	6
10664	34665	3
10664	36068	2
10664	36095	1
10664	37222	1
10664	39433	1
10664	39512	3
10664	39553	2
10664	40113	1
10664	40890	4
10664	40920	2
10664	41224	61
10664	41384	7
10664	41400	3
10664	43297	2
10664	45034	79
10664	45405	16
10664	50091	1
10723	10760	11
10723	10838	108
10723	11684	3
10723	11740	3
10723	12165	4
10723	12217	4
10723	12302	9
10723	12623	5
10723	13611	4
10723	13645	2
10723	14878	2
10723	15514	12
10723	15929	7
10723	16469	3
10723	17997	3
10723	18730	2
10723	20785	9
10723	21641	36
10723	21886	15
10723	22977	5
10723	23119	1
10723	23398	4
10723	23449	7
10723	23576	3
10723	23644	2
10723	24812	17
10723	24813	4
10723	24855	3
10723	25048	8
10723	25071	6
10723	25083	3
10723	25115	2
10723	25231	5
10723	26514	5
10723	26601	3
10723	26817	1
10723	27352	1
10723	27606	27
10723	27667	10
10723	27879	20
10723	27906	4
10723	27957	4
10723	30959	5
10723	31201	3
10723	31467	40
10723	31698	3
10723	34456	7
10723	34665	6
10723	36068	5
10723	37222	1
10723	39416	4
10723	39433	16
10723	39512	7
10723	39553	6
10723	40113	1
10723	40890	9
10723	41224	17
10723	41384	2
10723	42815	3
10723	42883	10
10723	43015	6
10723	45034	2
10723	45326	3
10723	45405	6
10723	49529	3
10723	50091	12
10760	10838	156
10760	11684	2
10760	11740	6
10760	12165	2
10760	12302	12
10760	12623	4
10760	13611	3
10760	13645	1
10760	14878	2
10760	15514	1
10760	16469	2
10760	17997	3
10760	18730	1
10760	20785	4
10760	21641	11
10760	21886	3
10760	22977	1
10760	23398	5
10760	23449	14
10760	23576	4
10760	23644	6
10760	24341	2
10760	24812	7
10760	24813	1
10760	24855	3
10760	25048	3
10760	25071	1
10760	25083	1
10760	25115	1
10760	25231	4
10760	26514	4
10760	26601	4
10760	26817	1
10760	27352	2
10760	27606	15
10760	27667	4
10760	27879	24
10760	27906	2
10760	27957	4
10760	30959	12
10760	31467	36
10760	31698	2
10760	34329	1
10760	34456	14
10760	34665	13
10760	36068	7
10760	36095	1
10760	39433	6
10760	39512	8
10760	39553	1
10760	40890	9
10760	40920	1
10760	41224	24
10760	41384	1
10760	41400	1
10760	42815	2
10760	43297	7
10760	45034	2
10760	45326	1
10760	45405	9
10760	50091	3
10838	11684	91
10838	11740	194
10838	12165	240
10838	12217	209
10838	12302	587
10838	12339	133
10838	12623	264
10838	13611	141
10838	13645	87
10838	14878	117
10838	15514	283
10838	15929	356
10838	16469	106
10838	17997	130
10838	18730	90
10838	20785	124
10838	21641	146
10838	21886	105
10838	22977	205
10838	23119	139
10838	23398	208
10838	23449	203
10838	23576	171
10838	23644	174
10838	24341	84
10838	24812	851
10838	24813	159
10838	24855	104
10838	25048	675
10838	25071	148
10838	25083	303
10838	25115	222
10838	25231	239
10838	26514	331
10838	26601	431
10838	26817	113
10838	27352	118
10838	27606	980
10838	27667	523
10838	27879	524
10838	27906	129
10838	27957	143
10838	30959	118
10838	31201	174
10838	31467	2123
10838	31698	127
10838	34329	135
10838	34456	275
10838	34665	183
10838	36068	209
10838	36095	67
10838	37222	99
10838	39416	131
10838	39433	523
10838	39512	271
10838	39553	107
10838	40113	95
10838	40890	403
10838	40920	86
10838	41224	531
10838	41384	243
10838	41400	147
10838	42815	96
10838	42883	202
10838	43015	219
10838	43297	95
10838	45034	199
10838	45326	132
10838	45405	188
10838	49529	111
10838	50091	134
11684	11740	7
11684	12165	8
11684	12217	21
11684	12302	31
11684	12339	7
11684	12623	2
11684	13611	5
11684	13645	2
11684	14878	6
11684	15514	2
11684	15929	1
11684	16469	1
11684	17997	18
11684	18730	11
11684	20785	3
11684	21641	1
11684	21886	1
11684	23119	3
11684	23398	5
11684	23449	6
11684	23576	2
11684	23644	2
11684	24341	4
11684	24812	16
11684	24813	2
11684	24855	4
11684	25048	33
11684	25071	8
11684	25083	17
11684	25115	7
11684	25231	4
11684	26514	28
11684	26601	37
11684	26817	1
11684	27352	3
11684	27606	57
11684	27667	19
11684	27879	27
11684	27906	7
11684	27957	3
11684	30959	5
11684	31201	2
11684	31467	60
11684	31698	8
11684	34329	3
11684	34456	4
11684	34665	9
11684	36068	4
11684	36095	1
11684	39416	1
11684	39433	7
11684	39512	1
11684	39553	4
11684	40113	3
11684	40890	5
11684	40920	3
11684	41224	37
11684	41384	3
11684	41400	4
11684	42815	1
11684	42883	1
11684	43015	1
11684	43297	6
11684	45034	7
11684	45326	14
11684	45405	5
11684	50091	4
11740	12165	10
11740	12217	6
11740	12302	19
11740	12339	3
11740	12623	3
11740	13611	17
11740	13645	8
11740	14878	4
11740	15514	10
11740	15929	16
11740	16469	1
11740	17997	1
11740	18730	1
11740	20785	14
11740	21641	10
11740	21886	6
11740	22977	1
11740	23119	5
11740	23398	16
11740	23449	17
11740	23576	9
11740	23644	8
11740	24341	9
11740	24812	42
11740	24813	7
11740	24855	7
11740	25048	11
11740	25071	3
11740	25083	7
11740	25115	3
11740	25231	12
11740	26514	3
11740	26601	20
11740	26817	2
11740	27352	1
11740	27606	30
11740	27667	11
11740	27879	20
11740	27906	2
11740	27957	1
11740	30959	8
11740	31201	6
11740	31467	79
11740	31698	4
11740	34329	3
11740	34456	12
11740	34665	2
11740	36068	66
11740	36095	3
11740	37222	3
11740	39416	4
11740	39433	17
11740	39512	9
11740	39553	5
11740	40113	4
11740	40890	41
11740	40920	20
11740	41224	3
11740	41384	13
11740	41400	7
11740	42815	6
11740	42883	8
11740	43015	7
11740	43297	4
11740	45034	10
11740	45326	3
11740	45405	13
11740	49529	3
11740	50091	6
12165	12217	3
12165	12302	24
12165	12339	1
12165	12623	11
12165	13611	10
12165	13645	8
12165	14878	3
12165	15514	18
12165	15929	27
12165	16469	4
12165	17997	2
12165	18730	14
12165	20785	5
12165	21641	25
12165	21886	18
12165	22977	8
12165	23119	15
12165	23398	24
12165	23449	12
12165	23576	9
12165	23644	13
12165	24341	12
12165	24812	43
12165	24813	9
12165	24855	2
12165	25048	20
12165	25071	5
12165	25083	13
12165	25115	5
12165	25231	10
12165	26514	15
12165	26601	19
12165	26817	11
12165	27352	9
12165	27606	45
12165	27667	21
12165	27879	18
12165	27906	5
12165	27957	3
12165	30959	6
12165	31201	10
12165	31467	128
12165	31698	5
12165	34329	7
12165	34456	7
12165	34665	11
12165	36068	10
12165	36095	6
12165	37222	9
12165	39416	17
12165	39433	67
12165	39512	45
12165	40113	6
12165	40890	19
12165	40920	1
12165	41224	83
12165	41384	19
12165	41400	7
12165	42815	9
12165	42883	16
12165	43015	15
12165	43297	5
12165	45034	1
12165	45326	2
12165	45405	15
12165	49529	3
12165	50091	7
12217	12302	51
12217	12339	19
12217	12623	37
12217	13611	7
12217	13645	2
12217	14878	6
12217	15514	13
12217	15929	8
12217	17997	41
12217	18730	13
12217	20785	3
12217	21641	3
12217	21886	2
12217	22977	7
12217	23119	7
12217	23398	7
12217	23449	7
12217	23576	1
12217	23644	2
12217	24341	7
12217	24812	42
12217	24813	10
12217	24855	8
12217	25048	121
12217	25071	33
12217	25083	76
12217	25115	33
12217	25231	9
12217	26514	78
12217	26601	95
12217	26817	3
12217	27352	13
12217	27606	225
12217	27667	106
12217	27879	59
12217	27906	20
12217	27957	14
12217	31201	6
12217	31467	162
12217	31698	28
12217	34329	23
12217	34456	15
12217	34665	21
12217	36068	2
12217	36095	2
12217	37222	5
12217	39416	1
12217	39433	6
12217	40113	1
12217	40890	9
12217	40920	2
12217	41224	24
12217	41384	5
12217	41400	3
12217	42815	4
12217	42883	9
12217	43015	9
12217	43297	5
12217	45034	1
12217	45326	89
12217	45405	1
12217	49529	2
12217	50091	2
12302	12339	142
12302	12623	70
12302	13611	23
12302	13645	5
12302	14878	15
12302	15514	38
12302	15929	29
12302	16469	10
12302	17997	62
12302	18730	28
12302	20785	11
12302	21641	16
12302	21886	10
12302	22977	13
12302	23119	9
12302	23398	24
12302	23449	2
12302	23576	7
12302	23644	9
12302	24341	15
12302	24812	175
12302	24813	49
12302	24855	8
12302	25048	280
12302	25071	72
12302	25083	141
12302	25115	74
12302	25231	34
12302	26514	157
12302	26601	335
12302	26817	1
12302	27352	104
12302	27606	303
12302	27667	133
12302	27879	143
12302	27906	74
12302	27957	36
12302	30959	5
12302	31201	49
12302	31467	393
12302	31698	80
12302	34329	27
12302	34456	44
12302	34665	25
12302	36068	13
12302	36095	16
12302	37222	6
12302	39433	16
12302	39512	5
12302	39553	2
12302	40113	7
12302	40890	38
12302	40920	12
12302	41224	87
12302	41384	20
12302	41400	14
12302	42815	16
12302	42883	29
12302	43015	35
12302	43297	20
12302	45326	37
12302	45405	29
12302	49529	11
12302	50091	3
12339	12623	16
12339	13611	8
12339	14878	4
12339	15514	8
12339	15929	4
12339	17997	16
12339	18730	7
12339	20785	2
12339	21641	2
12339	21886	1
12339	22977	4
12339	23119	4
12339	23398	8
12339	23576	2
12339	23644	2
12339	24341	3
12339	24812	39
12339	24813	10
12339	24855	3
12339	25048	80
12339	25071	18
12339	25083	42
12339	25115	25
12339	25231	3
12339	26514	40
12339	26601	68
12339	27352	22
12339	27606	49
12339	27667	29
12339	27879	34
12339	27906	15
12339	27957	9
12339	30959	1
12339	31201	18
12339	31467	99
12339	31698	35
12339	34329	7
12339	34456	8
12339	34665	3
12339	36068	1
12339	36095	3
12339	37222	1
12339	40890	8
12339	40920	1
12339	41224	26
12339	41384	3
12339	41400	3
12339	42815	4
12339	42883	5
12339	43015	5
12339	43297	9
12339	45326	13
12339	45405	4
12339	49529	1
12623	13611	7
12623	13645	2
12623	14878	4
12623	15514	28
12623	15929	23
12623	16469	2
12623	17997	20
12623	18730	12
12623	20785	4
12623	21641	4
12623	21886	3
12623	22977	9
12623	23119	5
12623	23398	7
12623	23576	6
12623	23644	8
12623	24341	8
12623	24812	91
12623	24813	21
12623	24855	12
12623	25048	84
12623	25071	20
12623	25083	42
12623	25115	17
12623	25231	22
12623	26514	42
12623	26601	37
12623	26817	2
12623	27352	24
12623	27606	91
12623	27667	47
12623	27879	55
12623	27906	2
12623	27957	8
12623	30959	2
12623	31201	26
12623	31467	347
12623	31698	23
12623	34329	7
12623	34456	31
12623	34665	3
12623	36068	6
12623	36095	6
12623	37222	5
12623	39416	4
12623	39433	15
12623	39512	4
12623	39553	3
12623	40113	1
12623	40890	19
12623	40920	7
12623	41224	15
12623	41384	15
12623	41400	15
12623	42815	5
12623	42883	21
12623	43015	27
12623	43297	3
12623	45034	1
12623	45326	24
12623	45405	6
12623	49529	6
12623	50091	4
13611	13645	7
13611	14878	5
13611	15514	14
13611	15929	25
13611	16469	3
13611	17997	2
13611	18730	2
13611	20785	14
13611	21641	5
13611	21886	3
13611	22977	2
13611	23119	7
13611	23398	36
13611	23449	3
13611	23576	6
13611	23644	5
13611	24341	6
13611	24812	50
13611	24813	10
13611	24855	4
13611	25048	24
13611	25071	2
13611	25083	10
13611	25115	4
13611	25231	15
13611	26514	11
13611	26601	17
13611	26817	3
13611	27352	6
13611	27606	37
13611	27667	12
13611	27879	12
13611	27906	3
13611	27957	2
13611	30959	3
13611	31201	14
13611	31467	85
13611	31698	6
13611	34329	5
13611	34456	9
13611	34665	1
13611	36068	19
13611	36095	13
13611	37222	4
13611	39416	5
13611	39433	9
13611	39512	5
13611	39553	1
13611	40113	2
13611	40890	21
13611	40920	8
13611	41224	44
13611	41384	11
13611	41400	6
13611	42815	7
13611	42883	8
13611	43015	8
13611	43297	4
13611	45034	5
13611	45326	5
13611	45405	3
13611	49529	4
13611	50091	5
13645	14878	4
13645	15514	2
13645	15929	6
13645	16469	4
13645	17997	1
13645	18730	2
13645	20785	6
13645	21641	2
13645	21886	2
13645	22977	4
13645	23119	22
13645	23398	9
13645	23449	5
13645	23576	6
13645	23644	2
13645	24341	5
13645	24812	20
13645	24813	2
13645	25231	3
13645	26514	1
13645	26601	2
13645	26817	2
13645	27606	8
13645	27667	7
13645	27879	3
13645	30959	3
13645	31201	3
13645	31467	27
13645	31698	1
13645	34329	1
13645	34456	9
13645	34665	1
13645	36068	6
13645	36095	1
13645	37222	2
13645	39416	5
13645	39433	23
13645	39512	12
13645	39553	2
13645	40113	5
13645	40890	6
13645	40920	2
13645	41224	38
13645	41384	5
13645	41400	1
13645	42815	3
13645	42883	1
13645	43015	1
13645	45034	3
13645	45326	1
13645	45405	4
14878	15514	1
14878	15929	5
14878	16469	20
14878	17997	8
14878	18730	3
14878	20785	1
14878	21641	2
14878	21886	2
14878	22977	1
14878	23119	5
14878	23398	2
14878	23449	7
14878	23576	3
14878	23644	4
14878	24341	1
14878	24812	15
14878	24813	4
14878	24855	3
14878	25048	6
14878	25083	1
14878	25115	3
14878	25231	1
14878	26514	13
14878	26601	47
14878	26817	4
14878	27352	1
14878	27606	47
14878	27667	24
14878	27879	8
14878	27906	2
14878	27957	1
14878	30959	2
14878	31201	3
14878	31467	33
14878	31698	3
14878	34329	4
14878	34456	7
14878	34665	5
14878	36068	3
14878	36095	3
14878	39433	5
14878	39512	2
14878	39553	2
14878	40113	1
14878	40890	7
14878	41224	35
14878	41384	4
14878	41400	1
14878	42883	2
14878	43015	4
14878	43297	10
14878	45034	47
14878	45326	4
14878	45405	11
14878	50091	2
15514	15929	98
15514	16469	4
15514	17997	5
15514	18730	5
15514	21641	2
15514	21886	1
15514	22977	21
15514	23119	5
15514	23398	35
15514	23449	3
15514	23576	4
15514	23644	7
15514	24341	5
15514	24812	66
15514	24813	14
15514	24855	6
15514	25048	64
15514	25071	11
15514	25083	30
15514	25115	17
15514	25231	12
15514	26514	16
15514	26601	31
15514	26817	4
15514	27352	11
15514	27606	62
15514	27667	27
15514	27879	16
15514	27906	2
15514	27957	2
15514	30959	6
15514	31201	24
15514	31467	310
15514	31698	11
15514	34329	7
15514	34456	13
15514	36068	13
15514	36095	8
15514	37222	18
15514	39416	14
15514	39433	39
15514	39512	9
15514	39553	6
15514	40113	8
15514	40890	27
15514	40920	8
15514	41224	85
15514	41384	6
15514	41400	6
15514	42815	14
15514	42883	282
15514	43015	409
15514	45034	2
15514	45326	11
15514	45405	16
15514	49529	1
15514	50091	13
15929	16469	6
15929	17997	9
15929	18730	5
15929	20785	12
15929	21641	3
15929	21886	2
15929	22977	38
15929	23119	45
15929	23398	26
15929	23449	3
15929	23576	7
15929	23644	10
15929	24341	12
15929	24812	103
15929	24813	33
15929	24855	4
15929	25048	65
15929	25071	12
15929	25083	31
15929	25115	11
15929	25231	21
15929	26514	16
15929	26601	43
15929	26817	20
15929	27352	6
15929	27606	57
15929	27667	20
15929	27879	19
15929	27906	2
15929	27957	1
15929	30959	4
15929	31201	20
15929	31467	318
15929	31698	9
15929	34329	5
15929	34456	19
15929	36068	12
15929	36095	13
15929	37222	28
15929	39416	23
15929	39433	79
15929	39512	26
15929	39553	9
15929	40113	34
15929	40890	60
15929	40920	9
15929	41224	77
15929	41384	39
15929	41400	15
15929	42815	10
15929	42883	48
15929	43015	66
15929	43297	2
15929	45034	13
15929	45326	10
15929	45405	13
15929	49529	14
15929	50091	8
16469	17997	2
16469	18730	2
16469	20785	2
16469	22977	5
16469	23119	9
16469	23398	5
16469	23449	2
16469	23576	8
16469	23644	7
16469	24341	1
16469	24812	18
16469	24813	6
16469	24855	1
16469	25048	4
16469	25071	1
16469	25083	2
16469	25115	1
16469	25231	1
16469	26514	4
16469	26601	24
16469	26817	7
16469	27352	1
16469	27606	21
16469	27667	14
16469	27879	7
16469	30959	8
16469	31201	1
16469	31467	37
16469	31698	2
16469	34329	2
16469	34456	6
16469	34665	3
16469	36068	2
16469	36095	1
16469	37222	2
16469	39416	2
16469	39433	5
16469	39512	3
16469	40113	1
16469	40890	4
16469	41224	45
16469	41384	6
16469	41400	2
16469	42883	6
16469	43015	7
16469	43297	1
16469	45034	83
16469	45326	1
16469	45405	12
16469	50091	1
17997	18730	12
17997	20785	2
17997	21641	2
17997	21886	1
17997	22977	3
17997	23119	2
17997	23449	3
17997	23576	1
17997	23644	1
17997	24341	2
17997	24812	21
17997	24813	4
17997	24855	4
17997	25048	72
17997	25071	13
17997	25083	35
17997	25115	23
17997	25231	3
17997	26514	49
17997	26601	56
17997	26817	4
17997	27352	15
17997	27606	110
17997	27667	44
17997	27879	57
17997	27906	34
17997	27957	12
17997	31201	6
17997	31467	99
17997	31698	16
17997	34329	11
17997	34456	11
17997	34665	19
17997	36068	2
17997	36095	1
17997	39433	3
17997	39512	2
17997	40113	3
17997	40890	9
17997	40920	1
17997	41224	20
17997	41384	1
17997	41400	3
17997	42883	3
17997	43015	5
17997	43297	7
17997	45326	22
17997	45405	6
17997	49529	1
18730	20785	3
18730	21641	6
18730	21886	5
18730	22977	2
18730	23119	2
18730	23398	2
18730	23449	3
18730	23576	4
18730	23644	4
18730	24341	3
18730	24812	10
18730	24813	3
18730	24855	2
18730	25048	21
18730	25071	4
18730	25083	10
18730	25115	2
18730	25231	2
18730	26514	24
18730	26601	24
18730	27352	10
18730	27606	53
18730	27667	26
18730	27879	21
18730	27906	5
18730	27957	5
18730	31201	3
18730	31467	82
18730	31698	11
18730	34329	5
18730	34456	6
18730	34665	8
18730	36068	1
18730	36095	2
18730	37222	3
18730	39416	3
18730	39433	16
18730	39512	8
18730	39553	3
18730	40890	4
18730	40920	1
18730	41224	21
18730	41384	2
18730	41400	2
18730	43015	3
18730	43297	6
18730	45034	1
18730	45326	8
18730	45405	5
18730	49529	2
18730	50091	1
20785	21641	22
20785	21886	16
20785	22977	1
20785	23398	14
20785	23449	6
20785	23576	9
20785	23644	11
20785	24341	1
20785	24812	51
20785	24813	12
20785	25048	11
20785	25071	2
20785	25083	3
20785	25115	4
20785	25231	12
20785	26514	4
20785	26601	6
20785	26817	4
20785	27606	11
20785	27667	7
20785	27879	16
20785	27906	1
20785	27957	2
20785	30959	1
20785	31201	4
20785	31467	56
20785	31698	1
20785	34456	4
20785	34665	4
20785	36068	20
20785	36095	7
20785	37222	4
20785	39416	3
20785	39433	20
20785	39512	10
20785	39553	3
20785	40113	4
20785	40890	20
20785	40920	11
20785	41224	35
20785	41384	8
20785	41400	4
20785	42815	2
20785	43297	1
20785	45034	3
20785	45326	2
20785	45405	5
20785	49529	1
20785	50091	9
21641	21886	214
21641	22977	4
21641	23119	6
21641	23398	4
21641	23449	13
21641	23576	6
21641	23644	1
21641	24341	1
21641	24812	31
21641	24813	4
21641	24855	1
21641	25048	8
21641	25071	4
21641	25083	5
21641	25115	2
21641	25231	5
21641	26514	8
21641	26601	9
21641	26817	1
21641	27352	1
21641	27606	27
21641	27667	5
21641	27879	8
21641	27906	1
21641	27957	1
21641	30959	1
21641	31201	6
21641	31467	39
21641	31698	4
21641	34329	4
21641	34456	6
21641	34665	8
21641	36068	47
21641	36095	1
21641	37222	1
21641	39416	3
21641	39433	35
21641	39512	11
21641	39553	3
21641	40890	22
21641	40920	3
21641	41224	18
21641	41384	9
21641	41400	3
21641	42815	5
21641	42883	1
21641	43015	1
21641	43297	1
21641	45034	6
21641	45326	1
21641	45405	7
21641	49529	2
21641	50091	8
21886	22977	1
21886	23119	5
21886	23398	4
21886	23449	8
21886	23576	4
21886	24341	1
21886	24812	23
21886	24813	2
21886	25048	7
21886	25071	2
21886	25083	4
21886	25115	2
21886	25231	1
21886	26514	4
21886	26601	6
21886	27606	17
21886	27667	2
21886	27879	6
21886	27906	1
21886	27957	1
21886	30959	1
21886	31201	5
21886	31467	21
21886	31698	1
21886	34329	4
21886	34456	6
21886	34665	6
21886	36068	31
21886	37222	1
21886	39416	2
21886	39433	18
21886	39512	5
21886	39553	2
21886	40890	12
21886	40920	2
21886	41224	6
21886	41384	4
21886	41400	2
21886	42815	2
21886	42883	1
21886	43015	1
21886	45034	3
21886	45405	2
21886	49529	2
21886	50091	3
22977	23119	19
22977	23398	7
22977	23449	2
22977	23576	4
22977	23644	5
22977	24341	1
22977	24812	32
22977	24813	6
22977	24855	7
22977	25048	48
22977	25071	10
22977	25083	25
22977	25115	12
22977	25231	4
22977	26514	8
22977	26601	15
22977	26817	2
22977	27352	8
22977	27606	24
22977	27667	7
22977	27879	17
22977	27906	1
22977	30959	3
22977	31201	15
22977	31467	152
22977	31698	4
22977	34329	2
22977	34456	4
22977	36095	4
22977	37222	32
22977	39416	6
22977	39433	39
22977	39512	11
22977	39553	4
22977	40113	5
22977	40890	28
22977	40920	1
22977	41224	42
22977	41384	19
22977	41400	8
22977	42815	3
22977	42883	12
22977	43015	15
22977	43297	1
22977	45034	6
22977	45326	6
22977	45405	5
22977	50091	10
23119	23398	5
23119	23449	5
23119	23576	3
23119	23644	1
23119	24812	80
23119	24813	17
23119	24855	1
23119	25048	14
23119	25071	4
23119	25083	7
23119	25115	3
23119	25231	26
23119	26514	6
23119	26601	15
23119	26817	4
23119	27352	1
23119	27606	30
23119	27667	10
23119	27879	4
23119	27957	1
23119	31201	11
23119	31467	50
23119	31698	1
23119	34329	1
23119	34456	5
23119	36068	4
23119	36095	2
23119	37222	2
23119	39416	5
23119	39433	18
23119	39512	7
23119	39553	1
23119	40890	15
23119	40920	1
23119	41224	42
23119	41384	9
23119	41400	8
23119	42815	2
23119	42883	4
23119	43015	3
23119	45034	2
23119	45326	2
23119	45405	6
23119	50091	5
23398	23449	20
23398	23576	25
23398	23644	25
23398	24341	11
23398	24812	50
23398	24813	11
23398	24855	8
23398	25048	25
23398	25071	1
23398	25083	10
23398	25115	7
23398	25231	9
23398	26514	5
23398	26601	20
23398	26817	14
23398	27352	4
23398	27606	29
23398	27667	12
23398	27879	15
23398	27906	2
23398	27957	2
23398	30959	4
23398	31201	13
23398	31467	118
23398	31698	3
23398	34329	5
23398	34456	8
23398	34665	1
23398	36068	10
23398	36095	8
23398	37222	5
23398	39416	12
23398	39433	51
23398	39512	35
23398	39553	8
23398	40113	7
23398	40890	31
23398	40920	8
23398	41224	58
23398	41384	22
23398	41400	6
23398	42815	10
23398	42883	21
23398	43015	28
23398	43297	3
23398	45034	11
23398	45326	3
23398	45405	9
23398	49529	1
23398	50091	5
23449	23576	19
23449	23644	19
23449	24341	4
23449	24812	16
23449	24813	3
23449	24855	3
23449	25048	11
23449	25071	3
23449	25083	4
23449	25115	3
23449	25231	2
23449	26514	6
23449	26601	4
23449	26817	1
23449	27606	26
23449	27667	9
23449	27879	15
23449	27906	5
23449	27957	1
23449	30959	7
23449	31467	54
23449	31698	3
23449	34456	9
23449	34665	10
23449	36068	11
23449	36095	4
23449	37222	4
23449	39416	6
23449	39433	27
23449	39512	23
23449	39553	2
23449	40113	3
23449	40890	13
23449	40920	5
23449	41224	61
23449	41384	16
23449	41400	4
23449	42815	1
23449	42883	2
23449	43015	3
23449	45034	8
23449	45326	2
23449	45405	14
23449	50091	3
23576	23644	225
23576	24341	1
23576	24812	14
23576	24813	2
23576	24855	1
23576	25048	15
23576	25071	2
23576	25083	7
23576	25115	1
23576	25231	3
23576	26514	4
23576	26601	13
23576	26817	7
23576	27352	1
23576	27606	16
23576	27667	5
23576	27879	16
23576	27906	2
23576	27957	2
23576	30959	8
23576	31201	1
23576	31467	60
23576	31698	3
23576	34329	1
23576	34456	9
23576	34665	5
23576	36068	11
23576	36095	10
23576	37222	7
23576	39416	8
23576	39433	32
23576	39512	13
23576	39553	6
23576	40113	1
23576	40890	18
23576	40920	3
23576	41224	70
23576	41384	15
23576	41400	3
23576	42815	2
23576	42883	2
23576	43015	3
23576	43297	3
23576	45034	10
23576	45326	1
23576	45405	5
23576	49529	3
23576	50091	8
23644	24812	12
23644	24813	2
23644	25048	16
23644	25071	2
23644	25083	7
23644	25115	2
23644	25231	3
23644	26514	4
23644	26601	12
23644	26817	7
23644	27352	2
23644	27606	17
23644	27667	7
23644	27879	17
23644	27906	2
23644	27957	3
23644	30959	12
23644	31201	1
23644	31467	73
23644	31698	3
23644	34329	2
23644	34456	9
23644	34665	2
23644	36068	9
23644	36095	9
23644	37222	6
23644	39416	9
23644	39433	38
23644	39512	13
23644	39553	5
23644	40113	2
23644	40890	17
23644	40920	2
23644	41224	65
23644	41384	19
23644	41400	4
23644	42815	3
23644	42883	6
23644	43015	7
23644	43297	5
23644	45034	9
23644	45326	2
23644	45405	7
23644	49529	2
23644	50091	10
24341	24812	37
24341	24813	5
24341	24855	3
24341	25048	13
24341	25071	4
24341	25083	7
24341	25115	2
24341	25231	7
24341	26514	7
24341	26601	12
24341	26817	3
24341	27352	3
24341	27606	26
24341	27667	5
24341	27879	6
24341	27957	1
24341	30959	3
24341	31201	7
24341	31467	66
24341	31698	3
24341	34329	2
24341	34456	9
24341	34665	2
24341	36068	8
24341	36095	5
24341	37222	3
24341	39416	4
24341	39433	15
24341	39512	4
24341	39553	3
24341	40113	4
24341	40890	10
24341	40920	3
24341	41224	22
24341	41384	11
24341	41400	2
24341	42815	12
24341	42883	4
24341	43015	4
24341	43297	1
24341	45326	6
24341	45405	8
24341	49529	10
24341	50091	2
24812	24813	270
24812	24855	32
24812	25048	202
24812	25071	48
24812	25083	109
24812	25115	61
24812	25231	277
24812	26514	69
24812	26601	105
24812	26817	19
24812	27352	35
24812	27606	254
24812	27667	116
24812	27879	89
24812	27906	16
24812	27957	18
24812	30959	10
24812	31201	69
24812	31467	541
24812	31698	32
24812	34329	32
24812	34456	64
24812	34665	4
24812	36068	60
24812	36095	28
24812	37222	12
24812	39416	14
24812	39433	57
24812	39512	29
24812	39553	11
24812	40113	16
24812	40890	148
24812	40920	44
24812	41224	141
24812	41384	58
24812	41400	54
24812	42815	89
24812	42883	57
24812	43015	56
24812	43297	8
24812	45034	21
24812	45326	20
24812	45405	32
24812	49529	15
24812	50091	20
24813	24855	5
24813	25048	45
24813	25071	14
24813	25083	25
24813	25115	8
24813	25231	34
24813	26514	8
24813	26601	33
24813	26817	2
24813	27352	10
24813	27606	54
24813	27667	18
24813	27879	16
24813	27906	2
24813	27957	1
24813	30959	3
24813	31201	14
24813	31467	120
24813	31698	3
24813	34329	2
24813	34456	13
24813	34665	1
24813	36068	14
24813	36095	13
24813	37222	2
24813	39416	5
24813	39433	13
24813	39512	8
24813	39553	3
24813	40113	5
24813	40890	34
24813	40920	15
24813	41224	48
24813	41384	16
24813	41400	14
24813	42815	23
24813	42883	15
24813	43015	12
24813	45034	7
24813	45326	2
24813	45405	7
24813	49529	2
24813	50091	3
24855	25048	21
24855	25071	3
24855	25083	8
24855	25115	4
24855	25231	9
24855	26514	6
24855	26601	11
24855	26817	1
24855	27352	4
24855	27606	27
24855	27667	19
24855	27879	16
24855	27906	3
24855	27957	2
24855	30959	2
24855	31201	8
24855	31467	102
24855	31698	3
24855	34329	2
24855	34456	6
24855	34665	4
24855	36068	6
24855	36095	3
24855	37222	2
24855	39416	1
24855	39433	6
24855	39512	2
24855	40113	1
24855	40890	11
24855	41224	14
24855	41384	11
24855	41400	3
24855	42815	1
24855	42883	4
24855	43015	6
24855	45034	1
24855	45326	6
24855	45405	3
24855	49529	2
24855	50091	4
25048	25071	181
25048	25083	505
25048	25115	264
25048	25231	35
25048	26514	156
25048	26601	234
25048	26817	5
25048	27352	58
25048	27606	387
25048	27667	166
25048	27879	103
25048	27906	29
25048	27957	14
25048	30959	4
25048	31201	44
25048	31467	689
25048	31698	71
25048	34329	45
25048	34456	43
25048	34665	2
25048	36068	12
25048	36095	14
25048	37222	8
25048	39416	2
25048	39433	23
25048	39512	8
25048	39553	3
25048	40113	5
25048	40890	55
25048	40920	10
25048	41224	16
25048	41384	29
25048	41400	20
25048	42815	14
25048	42883	42
25048	43015	47
25048	43297	5
25048	45034	1
25048	45326	66
25048	45405	28
25048	49529	33
25048	50091	6
25071	25083	174
25071	25115	26
25071	25231	11
25071	26514	40
25071	26601	53
25071	27352	12
25071	27606	103
25071	27667	51
25071	27879	8
25071	27906	3
25071	27957	1
25071	31201	7
25071	31467	148
25071	31698	13
25071	34329	11
25071	34456	10
25071	36068	1
25071	39433	3
25071	39512	1
25071	39553	1
25071	40113	1
25071	40890	9
25071	40920	1
25071	41224	2
25071	41384	3
25071	41400	5
25071	42815	6
25071	42883	12
25071	43015	9
25071	45326	14
25071	45405	2
25071	49529	6
25071	50091	2
25083	25115	87
25083	25231	20
25083	26514	90
25083	26601	132
25083	27352	29
25083	27606	188
25083	27667	90
25083	27879	33
25083	27906	6
25083	27957	5
25083	31201	25
25083	31467	385
25083	31698	35
25083	34329	23
25083	34456	23
25083	34665	2
25083	36068	5
25083	36095	7
25083	37222	3
25083	39433	8
25083	39512	3
25083	39553	1
25083	40113	3
25083	40890	21
25083	40920	5
25083	41224	2
25083	41384	14
25083	41400	12
25083	42815	6
25083	42883	24
25083	43015	23
25083	43297	2
25083	45326	41
25083	45405	12
25083	49529	21
25083	50091	2
25115	25231	7
25115	26514	46
25115	26601	51
25115	27352	16
25115	27606	95
25115	27667	65
25115	27879	23
25115	27906	7
25115	27957	5
25115	30959	2
25115	31201	9
25115	31467	163
25115	31698	14
25115	34329	17
25115	34456	15
25115	34665	2
25115	39416	1
25115	39433	4
25115	39512	3
25115	40890	14
25115	40920	3
25115	41384	6
25115	41400	8
25115	42815	5
25115	42883	13
25115	43015	15
25115	43297	1
25115	45326	16
25115	45405	7
25115	49529	9
25115	50091	2
25231	26514	8
25231	26601	23
25231	26817	4
25231	27352	5
25231	27606	58
25231	27667	21
25231	27879	22
25231	27906	3
25231	27957	4
25231	30959	2
25231	31201	18
25231	31467	126
25231	31698	5
25231	34329	7
25231	34456	16
25231	34665	2
25231	36068	24
25231	36095	12
25231	37222	1
25231	39416	4
25231	39433	16
25231	39512	6
25231	39553	4
25231	40113	3
25231	40890	55
25231	40920	12
25231	41224	36
25231	41384	14
25231	41400	14
25231	42815	30
25231	42883	10
25231	43015	14
25231	43297	4
25231	45034	2
25231	45326	4
25231	45405	8
25231	49529	3
25231	50091	4
26514	26601	151
26514	26817	3
26514	27352	23
26514	27606	356
26514	27667	161
26514	27879	91
26514	27906	43
26514	27957	20
26514	30959	2
26514	31201	17
26514	31467	226
26514	31698	38
26514	34329	25
26514	34456	25
26514	34665	26
26514	36095	10
26514	37222	5
26514	39416	4
26514	39433	11
26514	39512	1
26514	39553	6
26514	40113	2
26514	40890	18
26514	40920	9
26514	41224	38
26514	41384	10
26514	41400	13
26514	42815	9
26514	42883	9
26514	43015	11
26514	43297	7
26514	45034	2
26514	45326	53
26514	45405	13
26514	49529	3
26514	50091	6
26601	26817	4
26601	27352	48
26601	27606	296
26601	27667	163
26601	27879	99
26601	27906	37
26601	27957	27
26601	30959	4
26601	31201	38
26601	31467	346
26601	31698	57
26601	34329	20
26601	34456	32
26601	34665	29
26601	36068	7
26601	36095	19
26601	37222	6
26601	39416	1
26601	39433	16
26601	39512	11
26601	39553	4
26601	40113	4
26601	40890	27
26601	40920	8
26601	41224	89
26601	41384	21
26601	41400	17
26601	42815	8
26601	42883	20
26601	43015	28
26601	43297	13
26601	45034	43
26601	45326	81
26601	45405	29
26601	49529	6
26601	50091	6
26817	27606	8
26817	27667	1
26817	27879	7
26817	27906	1
26817	27957	1
26817	30959	4
26817	31201	3
26817	31467	51
26817	34329	2
26817	34456	3
26817	36068	4
26817	36095	5
26817	39416	13
26817	39433	42
26817	39512	12
26817	39553	6
26817	40113	11
26817	40890	14
26817	40920	2
26817	41224	31
26817	41384	8
26817	41400	2
26817	42815	2
26817	42883	1
26817	43015	2
26817	43297	1
26817	45034	3
26817	45326	1
26817	45405	2
26817	49529	9
26817	50091	3
27352	27606	39
27352	27667	20
27352	27879	25
27352	27906	4
27352	27957	3
27352	31201	7
27352	31467	84
27352	31698	7
27352	34329	7
27352	34456	6
27352	34665	4
27352	36068	1
27352	36095	2
27352	37222	2
27352	39433	2
27352	40113	3
27352	40890	5
27352	41224	17
27352	41384	3
27352	41400	4
27352	42815	5
27352	42883	8
27352	43015	9
27352	43297	4
27352	45326	14
27352	45405	1
27352	49529	2
27352	50091	1
27606	27667	556
27606	27879	248
27606	27906	117
27606	27957	52
27606	30959	7
27606	31201	41
27606	31467	587
27606	31698	80
27606	34329	61
27606	34456	69
27606	34665	70
27606	36068	30
27606	36095	24
27606	37222	8
27606	39416	11
27606	39433	43
27606	39512	13
27606	39553	11
27606	40113	9
27606	40890	73
27606	40920	16
27606	41224	128
27606	41384	31
27606	41400	32
27606	42815	23
27606	42883	49
27606	43015	52
27606	43297	28
27606	45034	12
27606	45326	111
27606	45405	37
27606	49529	15
27606	50091	17
27667	27879	100
27667	27906	34
27667	27957	48
27667	30959	2
27667	31201	21
27667	31467	291
27667	31698	30
27667	34329	35
27667	34456	30
27667	34665	40
27667	36068	5
27667	37222	2
27667	39416	6
27667	39433	17
27667	39512	7
27667	39553	4
27667	40113	5
27667	40890	25
27667	40920	5
27667	41224	4
27667	41384	13
27667	41400	15
27667	42815	7
27667	42883	20
27667	43015	27
27667	43297	10
27667	45034	8
27667	45326	64
27667	45405	17
27667	49529	5
27667	50091	11
27879	27906	166
27879	27957	150
27879	30959	9
27879	31201	26
27879	31467	279
27879	31698	28
27879	34329	17
27879	34456	57
27879	34665	41
27879	36068	8
27879	36095	11
27879	37222	9
27879	39416	9
27879	39433	32
27879	39512	15
27879	39553	9
27879	40113	4
27879	40890	38
27879	40920	7
27879	41224	5
27879	41384	21
27879	41400	16
27879	42815	5
27879	42883	10
27879	43015	11
27879	43297	10
27879	45034	7
27879	45326	30
27879	45405	19
27879	49529	2
27879	50091	15
27906	27957	46
27906	30959	1
27906	31201	5
27906	31467	54
27906	31698	12
27906	34329	7
27906	34456	6
27906	34665	1
27906	36095	1
27906	39416	1
27906	39433	4
27906	39512	2
27906	40890	6
27906	40920	1
27906	41224	5
27906	41384	7
27906	41400	4
27906	42815	1
27906	42883	1
27906	43015	1
27906	45034	1
27906	45326	14
27906	45405	6
27906	49529	1
27906	50091	2
27957	31201	6
27957	31467	44
27957	31698	4
27957	34329	4
27957	34456	12
27957	34665	13
27957	36068	1
27957	39416	1
27957	39433	2
27957	39512	1
27957	39553	1
27957	40890	4
27957	41224	1
27957	41384	3
27957	42883	1
27957	43015	1
27957	43297	2
27957	45034	1
27957	45326	8
27957	45405	3
27957	50091	2
30959	31201	1
30959	31467	50
30959	34456	5
30959	34665	1
30959	36068	3
30959	36095	1
30959	37222	10
30959	39416	3
30959	39433	16
30959	39512	6
30959	39553	1
30959	40890	7
30959	40920	3
30959	41224	31
30959	41384	16
30959	41400	5
30959	42815	1
30959	42883	2
30959	43015	4
30959	43297	2
30959	45034	7
30959	45326	1
30959	45405	3
30959	49529	1
30959	50091	4
31201	31467	157
31201	31698	9
31201	34329	7
31201	34456	12
31201	36068	8
31201	36095	11
31201	37222	5
31201	39416	6
31201	39433	18
31201	39512	3
31201	39553	2
31201	40113	4
31201	40890	22
31201	40920	9
31201	41224	29
31201	41384	14
31201	41400	10
31201	42815	8
31201	42883	18
31201	43015	22
31201	43297	2
31201	45034	5
31201	45326	5
31201	45405	7
31201	49529	9
31201	50091	3
31467	31698	115
31467	34329	69
31467	34456	176
31467	34665	44
31467	36068	73
31467	36095	61
31467	37222	72
31467	39416	56
31467	39433	247
31467	39512	79
31467	39553	56
31467	40113	48
31467	40890	246
31467	40920	57
31467	41224	21
31467	41384	167
31467	41400	94
31467	42815	54
31467	42883	165
31467	43015	233
31467	43297	35
31467	45034	58
31467	45326	94
31467	45405	96
31467	49529	81
31467	50091	69
31698	34329	6
31698	34456	11
31698	34665	6
31698	36095	1
31698	37222	1
31698	39433	5
31698	39553	2
31698	40113	3
31698	40890	7
31698	40920	3
31698	41224	26
31698	41384	5
31698	41400	4
31698	42815	6
31698	42883	8
31698	43015	9
31698	43297	9
31698	45034	1
31698	45326	21
31698	45405	4
31698	49529	2
31698	50091	1
34329	34456	1
34329	34665	4
34329	36068	1
34329	39433	6
34329	39512	2
34329	39553	1
34329	40113	2
34329	40890	8
34329	40920	1
34329	41224	2
34329	41384	4
34329	41400	4
34329	42815	1
34329	42883	4
34329	43015	8
34329	43297	5
34329	45034	4
34329	45326	11
34329	45405	1
34329	49529	1
34456	34665	14
34456	36068	14
34456	36095	7
34456	37222	3
34456	39416	6
34456	39433	20
34456	39512	3
34456	39553	4
34456	40113	5
34456	40890	23
34456	40920	4
34456	41224	63
34456	41384	25
34456	41400	15
34456	42815	5
34456	42883	9
34456	43015	11
34456	43297	12
34456	45034	9
34456	45326	8
34456	45405	9
34456	49529	15
34456	50091	12
34665	36068	5
34665	36095	4
34665	39433	9
34665	39512	6
34665	39553	2
34665	40113	1
34665	40890	11
34665	40920	1
34665	41224	21
34665	41384	3
34665	41400	6
34665	42815	3
34665	43297	6
34665	45034	3
34665	45326	16
34665	45405	7
34665	50091	2
36068	36095	33
36068	37222	2
36068	39416	2
36068	39433	25
36068	39512	6
36068	39553	4
36068	40113	9
36068	40890	115
36068	40920	36
36068	41224	37
36068	41384	9
36068	41400	4
36068	42815	7
36068	42883	12
36068	43015	8
36068	43297	5
36068	45034	4
36068	45326	1
36068	45405	18
36068	49529	6
36068	50091	4
36095	37222	2
36095	39416	3
36095	39433	21
36095	39512	7
36095	39553	4
36095	40113	11
36095	40890	22
36095	40920	37
36095	41384	13
36095	41400	6
36095	42815	5
36095	42883	4
36095	43015	4
36095	43297	4
36095	45034	1
36095	45326	3
36095	45405	9
36095	49529	6
36095	50091	1
37222	39416	9
37222	39433	29
37222	39512	11
37222	39553	6
37222	40113	7
37222	40890	17
37222	40920	1
37222	41224	35
37222	41384	13
37222	41400	2
37222	42815	3
37222	42883	9
37222	43015	10
37222	45034	1
37222	45326	2
37222	45405	5
37222	50091	1
39416	39433	199
39416	39512	38
39416	39553	33
39416	40113	28
39416	40890	11
39416	40920	2
39416	41224	50
39416	41384	23
39416	41400	8
39416	42815	5
39416	42883	6
39416	43015	7
39416	43297	1
39416	45034	1
39416	45405	4
39416	49529	11
39416	50091	5
39433	39512	171
39433	39553	98
39433	40113	62
39433	40890	58
39433	40920	14
39433	41224	169
39433	41384	51
39433	41400	24
39433	42815	11
39433	42883	19
39433	43015	23
39433	43297	6
39433	45034	10
39433	45326	2
39433	45405	18
39433	49529	23
39433	50091	24
39512	39553	30
39512	40113	21
39512	40890	26
39512	40920	2
39512	41224	84
39512	41384	21
39512	41400	6
39512	42815	7
39512	42883	6
39512	43015	5
39512	43297	1
39512	45034	10
39512	45405	9
39512	49529	4
39512	50091	10
39553	40113	20
39553	40890	17
39553	40920	7
39553	41224	28
39553	41384	9
39553	41400	5
39553	42815	2
39553	43297	4
39553	45034	1
39553	45405	5
39553	49529	3
39553	50091	3
40113	40890	19
40113	40920	2
40113	41224	59
40113	41384	20
40113	41400	4
40113	42815	3
40113	42883	1
40113	43015	5
40113	43297	1
40113	45034	2
40113	45405	4
40113	49529	11
40113	50091	1
40890	40920	29
40890	41224	101
40890	41384	56
40890	41400	18
40890	42815	11
40890	42883	18
40890	43015	17
40890	43297	5
40890	45034	8
40890	45326	4
40890	45405	37
40890	49529	16
40890	50091	25
40920	41224	10
40920	41384	8
40920	41400	8
40920	42815	6
40920	42883	7
40920	43015	6
40920	43297	1
40920	45034	3
40920	45326	1
40920	45405	11
40920	49529	5
41224	41384	75
41224	41400	31
41224	42815	23
41224	42883	40
41224	43015	64
41224	43297	28
41224	45034	104
41224	45326	22
41224	45405	78
41224	49529	18
41224	50091	13
41384	41400	71
41384	42815	7
41384	42883	6
41384	43015	6
41384	43297	3
41384	45034	7
41384	45326	4
41384	45405	21
41384	49529	8
41384	50091	6
41400	42815	8
41400	42883	1
41400	43015	3
41400	43297	3
41400	45034	5
41400	45326	1
41400	45405	8
41400	49529	2
41400	50091	7
42815	42883	15
42815	43015	11
42815	43297	2
42815	45034	2
42815	45326	1
42815	45405	4
42815	49529	3
42815	50091	2
42883	43015	305
42883	45034	2
42883	45326	5
42883	45405	13
42883	49529	1
42883	50091	11
43015	45034	1
43015	45326	8
43015	45405	16
43015	49529	1
43015	50091	10
43297	45034	7
43297	45326	2
43297	45405	6
43297	49529	1
43297	50091	1
45034	45326	1
45034	45405	35
45034	50091	2
45326	45405	1
45326	49529	2
45326	50091	2
45405	49529	4
45405	50091	2
49529	50091	2
