1104	2198	83
1104	2738	105
1104	3121	36
1104	3469	9
1104	3785	3
1104	4018	7
1104	4557	1
1104	5183	17
1104	5187	13
1104	6981	6
1104	7194	3
1104	7334	5
1104	8528	14
1104	8617	9
1104	8657	17
1104	9306	264
1104	9598	46
1104	9607	59
1104	10128	13
1104	10259	7
1104	10525	1
1104	11232	8
1104	11316	327
1104	11501	2
1104	11567	659
1104	11789	101
1104	11850	109
1104	11856	11
1104	11937	8
1104	11975	7
1104	12027	7
1104	12052	7
1104	12070	2
1104	12171	418
1104	13331	18
1104	13872	3
1104	13909	54
1104	14023	182
1104	14097	22
1104	14381	17
1104	14386	15
1104	15415	1
1104	15454	2
1104	15815	14
1104	16803	3
1104	17938	3
1104	20110	16
1104	20146	50
1104	20177	18
1104	20183	41
1104	20208	196
1104	21967	96
1104	24248	6
1104	25745	6
1104	25911	3
1104	26173	1
1104	26220	3
1104	27499	19
1104	27581	37
1104	27582	19
1104	27803	162
1104	27827	70
1104	27839	148
1104	27873	93
1104	28005	17
1104	29209	21
1104	29474	8
1104	29587	17
1104	30459	9
1104	30761	432
1104	30771	62
1104	30821	66
1104	30876	565
1104	31136	53
1104	31169	55
1104	31241	83
1104	34610	14
1104	34839	2
1104	34996	248
1104	35106	131
1104	35208	36
1104	35327	50
1104	35375	22
1104	35385	70
1104	38122	46
1104	38247	1
1104	38465	162
1104	39275	6
1104	39938	5
1104	41712	102
1104	41799	7
1104	42520	38
1104	43420	17
1104	43495	7
1104	43604	9
1104	44979	26
1104	45527	2
1104	45547	13
1104	45930	1
1104	47124	8
1104	47247	5
1104	49374	7
1104	49653	61
1104	51526	47
1104	54712	10
2198	2738	53
2198	3121	30
2198	3469	22
2198	3785	18
2198	4018	9
2198	4557	22
2198	5183	24
2198	5187	24
2198	6981	53
2198	7194	7
2198	7334	10
2198	8528	111
2198	8617	26
2198	8657	18
2198	9306	34
2198	9598	28
2198	9607	48
2198	10128	50
2198	10259	22
2198	10525	26
2198	11232	35
2198	11316	114
2198	11501	30
2198	11567	577
2198	11789	47
2198	11850	112
2198	11856	5
2198	11937	38
2198	11975	19
2198	12027	14
2198	12052	7
2198	12070	3
2198	12171	560
2198	13331	24
2198	13872	19
2198	13909	38
2198	14023	205
2198	14097	30
2198	14381	48
2198	14386	15
2198	15415	13
2198	15454	1
2198	15815	12
2198	16803	8
2198	17938	36
2198	20110	43
2198	20146	43
2198	20177	24
2198	20183	28
2198	20208	44
2198	21967	28
2198	23301	9
2198	24248	21
2198	25745	23
2198	25911	8
2198	26173	16
2198	26220	5
2198	27499	21
2198	27581	147
2198	27582	25
2198	27803	248
2198	27827	52
2198	27839	128
2198	27873	96
2198	28005	34
2198	29209	9
2198	29474	89
2198	29587	175
2198	30459	55
2198	30761	306
2198	30771	28
2198	30821	20
2198	30876	298
2198	31136	49
2198	31169	7
2198	31241	20
2198	34610	16
2198	34839	18
2198	34996	70
2198	35106	345
2198	35208	54
2198	35327	69
2198	35375	22
2198	35385	39
2198	38122	33
2198	38247	17
2198	38465	21
2198	39275	19
2198	39938	11
2198	41712	31
2198	41799	2
2198	42520	21
2198	43420	28
2198	43495	13
2198	43604	5
2198	44979	39
2198	45527	7
2198	45547	11
2198	45930	20
2198	47124	32
2198	47247	29
2198	49653	47
2198	51526	33
2198	54712	5
2738	3121	28
2738	3469	20
2738	3785	51
2738	4018	21
2738	4557	19
2738	5183	75
2738	5187	89
2738	6981	31
2738	7194	23
2738	7334	20
2738	8528	111
2738	8617	91
2738	8657	12
2738	9306	23
2738	9598	22
2738	9607	25
2738	10128	74
2738	10259	18
2738	10525	32
2738	11232	29
2738	11316	132
2738	11501	31
2738	11567	827
2738	11789	116
2738	11850	169
2738	11856	19
2738	11937	34
2738	11975	17
2738	12027	19
2738	12052	24
2738	12070	14
2738	12171	882
2738	13331	67
2738	13872	73
2738	13909	19
2738	14023	189
2738	14097	18
2738	14381	34
2738	14386	15
2738	15415	28
2738	15454	29
2738	15815	12
2738	16803	17
2738	17938	33
2738	20110	18
2738	20146	14
2738	20177	8
2738	20183	9
2738	20208	39
2738	21967	24
2738	23301	27
2738	24248	94
2738	25745	9
2738	25911	37
2738	26173	33
2738	26220	20
2738	27499	28
2738	27581	188
2738	27582	35
2738	27803	127
2738	27827	43
2738	27839	67
2738	27873	52
2738	28005	41
2738	29209	41
2738	29474	75
2738	29587	159
2738	30459	15
2738	30761	427
2738	30771	32
2738	30821	11
2738	30876	339
2738	31136	67
2738	31169	21
2738	31241	47
2738	34610	29
2738	34839	19
2738	34996	40
2738	35106	309
2738	35208	16
2738	35327	44
2738	35375	29
2738	35385	39
2738	38122	17
2738	38247	37
2738	38465	74
2738	39275	20
2738	39938	58
2738	41712	16
2738	41799	10
2738	42520	27
2738	43420	57
2738	43495	43
2738	43604	9
2738	44979	85
2738	45527	27
2738	45547	23
2738	45930	13
2738	47124	44
2738	47247	40
2738	49374	20
2738	49653	17
2738	51526	45
2738	54712	26
3121	3469	5
3121	3785	7
3121	4018	6
3121	4557	2
3121	5183	5
3121	5187	5
3121	6981	28
3121	7194	4
3121	7334	5
3121	8528	112
3121	8617	4
3121	8657	12
3121	9306	19
3121	9598	27
3121	9607	31
3121	10128	73
3121	10259	3
3121	10525	6
3121	11232	22
3121	11316	143
3121	11501	29
3121	11567	253
3121	11789	18
3121	11850	126
3121	11856	4
3121	11937	22
3121	11975	13
3121	12027	2
3121	12052	7
3121	12070	2
3121	12171	253
3121	13331	7
3121	13872	4
3121	13909	30
3121	14023	100
3121	14097	21
3121	14381	69
3121	14386	46
3121	15415	6
3121	15815	46
3121	16803	5
3121	17938	21
3121	20110	26
3121	20146	24
3121	20177	11
3121	20183	18
3121	20208	26
3121	21967	8
3121	23301	8
3121	24248	2
3121	25745	7
3121	26173	8
3121	26220	3
3121	27499	14
3121	27581	76
3121	27582	14
3121	27803	89
3121	27827	18
3121	27839	44
3121	27873	28
3121	28005	20
3121	29209	1
3121	29474	27
3121	29587	88
3121	30459	32
3121	30761	124
3121	30771	9
3121	30821	6
3121	30876	126
3121	31136	22
3121	31169	2
3121	31241	5
3121	34610	1
3121	34839	12
3121	34996	36
3121	35106	215
3121	35208	8
3121	35327	23
3121	35375	14
3121	35385	26
3121	38122	12
3121	38247	14
3121	38465	31
3121	39275	21
3121	39938	2
3121	41712	23
3121	41799	3
3121	42520	3
3121	43420	8
3121	43495	2
3121	43604	1
3121	44979	31
3121	45527	4
3121	45547	3
3121	45930	8
3121	47124	17
3121	47247	22
3121	49653	24
3121	51526	4
3121	54712	4
3469	3785	13
3469	4018	1
3469	4557	17
3469	5183	52
3469	5187	54
3469	6981	8
3469	7194	4
3469	7334	9
3469	8528	35
3469	8617	9
3469	8657	11
3469	9306	1
3469	9598	8
3469	9607	8
3469	10128	38
3469	10259	9
3469	10525	139
3469	11232	7
3469	11316	35
3469	11501	6
3469	11567	347
3469	11789	28
3469	11850	47
3469	11856	9
3469	11937	8
3469	11975	12
3469	12027	1
3469	12052	5
3469	12070	2
3469	12171	370
3469	13331	37
3469	13872	6
3469	13909	8
3469	14023	28
3469	14097	8
3469	14381	14
3469	14386	2
3469	15415	27
3469	15454	3
3469	15815	2
3469	16803	10
3469	17938	13
3469	20110	7
3469	20146	5
3469	20177	6
3469	20183	5
3469	20208	4
3469	21967	2
3469	23301	9
3469	24248	4
3469	25745	8
3469	25911	5
3469	26173	20
3469	26220	7
3469	27499	14
3469	27581	83
3469	27582	15
3469	27803	43
3469	27827	10
3469	27839	21
3469	27873	11
3469	28005	18
3469	29209	4
3469	29474	17
3469	29587	30
3469	30459	7
3469	30761	47
3469	30771	8
3469	30821	2
3469	30876	39
3469	31136	20
3469	31241	1
3469	34610	2
3469	34839	17
3469	34996	19
3469	35106	196
3469	35208	3
3469	35327	16
3469	35375	3
3469	35385	9
3469	38122	10
3469	38247	35
3469	38465	21
3469	39275	7
3469	39938	20
3469	41712	6
3469	41799	2
3469	42520	5
3469	43420	14
3469	43495	3
3469	43604	4
3469	44979	78
3469	45527	21
3469	45547	4
3469	45930	38
3469	47124	8
3469	47247	13
3469	49374	7
3469	49653	9
3469	51526	1
3469	54712	10
3785	4018	4
3785	4557	10
3785	5183	11
3785	5187	15
3785	6981	9
3785	7194	7
3785	7334	6
3785	8528	41
3785	8617	22
3785	8657	1
3785	9598	5
3785	9607	6
3785	10128	27
3785	10259	8
3785	10525	8
3785	11232	12
3785	11316	31
3785	11501	17
3785	11567	222
3785	11789	21
3785	11850	53
3785	11856	5
3785	11937	13
3785	11975	4
3785	12027	6
3785	12052	4
3785	12070	4
3785	12171	239
3785	13331	18
3785	13872	23
3785	13909	9
3785	14023	28
3785	14097	2
3785	14381	12
3785	14386	4
3785	15415	10
3785	15454	4
3785	15815	4
3785	16803	2
3785	17938	16
3785	20110	7
3785	20146	5
3785	20177	3
3785	20183	4
3785	20208	4
3785	21967	2
3785	23301	8
3785	24248	21
3785	25745	6
3785	25911	8
3785	26173	12
3785	26220	6
3785	27499	10
3785	27581	108
3785	27582	12
3785	27803	32
3785	27827	8
3785	27839	14
3785	27873	13
3785	28005	20
3785	29209	6
3785	29474	25
3785	29587	36
3785	30459	10
3785	30761	67
3785	30771	4
3785	30821	4
3785	30876	54
3785	31136	13
3785	31169	3
3785	31241	5
3785	34610	8
3785	34839	9
3785	34996	1
3785	35106	118
3785	35208	2
3785	35327	12
3785	35375	2
3785	35385	5
3785	38122	4
3785	38247	8
3785	38465	3
3785	39275	6
3785	39938	7
3785	41712	6
3785	41799	2
3785	42520	5
3785	43420	28
3785	43495	12
3785	43604	8
3785	44979	37
3785	45527	10
3785	45547	6
3785	45930	7
3785	47124	11
3785	47247	15
3785	49374	6
3785	49653	9
3785	51526	8
3785	54712	12
4018	4557	5
4018	5183	10
4018	5187	11
4018	6981	6
4018	7194	4
4018	7334	1
4018	8528	26
4018	8617	8
4018	8657	3
4018	9598	3
4018	9607	6
4018	10128	16
4018	10525	9
4018	11232	8
4018	11316	25
4018	11501	6
4018	11567	135
4018	11789	5
4018	11850	36
4018	11856	1
4018	11937	9
4018	11975	7
4018	12027	4
4018	12052	5
4018	12171	139
4018	13331	9
4018	13872	14
4018	13909	1
4018	14023	21
4018	14097	5
4018	14381	7
4018	14386	3
4018	15415	7
4018	15815	3
4018	16803	5
4018	17938	11
4018	20110	2
4018	20146	2
4018	20177	2
4018	20183	1
4018	20208	3
4018	21967	2
4018	24248	5
4018	26173	2
4018	27499	1
4018	27581	20
4018	27582	1
4018	27803	21
4018	27827	3
4018	27839	14
4018	27873	7
4018	28005	7
4018	29209	2
4018	29474	5
4018	29587	9
4018	30459	4
4018	30761	32
4018	30771	2
4018	30821	4
4018	30876	30
4018	31136	2
4018	31169	1
4018	31241	3
4018	34839	2
4018	34996	7
4018	35106	56
4018	35327	1
4018	35375	2
4018	35385	3
4018	38122	3
4018	38247	12
4018	38465	1
4018	39938	6
4018	41712	1
4018	41799	1
4018	42520	3
4018	43420	20
4018	43495	5
4018	43604	12
4018	44979	21
4018	45527	6
4018	45547	3
4018	45930	1
4018	49374	1
4018	49653	2
4018	51526	1
4018	54712	6
4557	5183	3
4557	5187	4
4557	6981	9
4557	7194	3
4557	7334	4
4557	8528	45
4557	8617	4
4557	8657	6
4557	9306	1
4557	9598	3
4557	9607	2
4557	10128	20
4557	10259	2
4557	10525	18
4557	11232	9
4557	11316	10
4557	11501	10
4557	11567	204
4557	11789	18
4557	11850	31
4557	11856	11
4557	11937	9
4557	11975	1
4557	12027	4
4557	12052	1
4557	12070	4
4557	12171	227
4557	13331	13
4557	13872	45
4557	13909	7
4557	14023	23
4557	14097	1
4557	14381	6
4557	15415	6
4557	15815	2
4557	16803	5
4557	17938	10
4557	20110	10
4557	20146	4
4557	20177	9
4557	20183	2
4557	20208	2
4557	23301	4
4557	24248	5
4557	25745	2
4557	25911	3
4557	26173	5
4557	26220	10
4557	27499	2
4557	27581	15
4557	27582	2
4557	27803	22
4557	27827	2
4557	27839	6
4557	27873	11
4557	28005	3
4557	29209	3
4557	29474	24
4557	29587	33
4557	30459	10
4557	30761	49
4557	30771	11
4557	30821	1
4557	30876	42
4557	31136	24
4557	31169	4
4557	31241	13
4557	34610	7
4557	34839	3
4557	35106	78
4557	35208	2
4557	35327	10
4557	35375	6
4557	35385	4
4557	38122	8
4557	38247	10
4557	38465	20
4557	39275	2
4557	39938	7
4557	41712	6
4557	41799	3
4557	42520	7
4557	43420	13
4557	43495	8
4557	43604	1
4557	44979	31
4557	45527	19
4557	45547	5
4557	45930	8
4557	47124	1
4557	47247	1
4557	49374	7
4557	49653	9
4557	51526	9
4557	54712	3
5183	5187	542
5183	6981	6
5183	7194	21
5183	7334	35
5183	8528	40
5183	8617	13
5183	8657	6
5183	9306	3
5183	9598	5
5183	9607	4
5183	10128	32
5183	10259	3
5183	10525	62
5183	11232	11
5183	11316	37
5183	11501	19
5183	11567	469
5183	11789	30
5183	11850	64
5183	11856	11
5183	11937	11
5183	11975	9
5183	12027	6
5183	12052	8
5183	12070	3
5183	12171	444
5183	13331	59
5183	13872	29
5183	13909	2
5183	14023	40
5183	14097	4
5183	14381	33
5183	14386	11
5183	15415	50
5183	15454	11
5183	15815	12
5183	16803	9
5183	17938	21
5183	20110	2
5183	20146	3
5183	20177	2
5183	20183	2
5183	20208	25
5183	21967	3
5183	23301	29
5183	24248	7
5183	25745	2
5183	25911	15
5183	26173	37
5183	26220	1
5183	27499	23
5183	27581	153
5183	27582	25
5183	27803	42
5183	27827	10
5183	27839	22
5183	27873	25
5183	28005	32
5183	29209	1
5183	29474	17
5183	29587	38
5183	30459	9
5183	30761	61
5183	30771	4
5183	30821	4
5183	30876	74
5183	31136	30
5183	31169	4
5183	31241	12
5183	34610	1
5183	34839	17
5183	34996	14
5183	35106	183
5183	35208	2
5183	35327	22
5183	35375	6
5183	35385	9
5183	38122	10
5183	38247	17
5183	38465	13
5183	39275	14
5183	39938	40
5183	41712	4
5183	41799	6
5183	42520	6
5183	43420	24
5183	43495	10
5183	43604	3
5183	44979	80
5183	45527	11
5183	45547	13
5183	45930	37
5183	47124	36
5183	47247	41
5183	49374	6
5183	49653	7
5183	51526	9
5183	54712	9
5187	6981	6
5187	7194	27
5187	7334	32
5187	8528	37
5187	8617	24
5187	8657	4
5187	9306	3
5187	9598	4
5187	9607	6
5187	10128	33
5187	10259	2
5187	10525	63
5187	11232	11
5187	11316	36
5187	11501	20
5187	11567	454
5187	11789	28
5187	11850	62
5187	11856	11
5187	11937	13
5187	11975	9
5187	12027	8
5187	12052	15
5187	12070	7
5187	12171	491
5187	13331	59
5187	13872	28
5187	13909	2
5187	14023	54
5187	14097	4
5187	14381	32
5187	14386	11
5187	15415	50
5187	15454	15
5187	15815	12
5187	16803	10
5187	17938	21
5187	20110	2
5187	20146	2
5187	20177	2
5187	20183	1
5187	20208	28
5187	21967	3
5187	23301	32
5187	24248	17
5187	25745	4
5187	25911	22
5187	26173	34
5187	26220	5
5187	27499	22
5187	27581	161
5187	27582	29
5187	27803	43
5187	27827	12
5187	27839	21
5187	27873	22
5187	28005	54
5187	29209	1
5187	29474	15
5187	29587	36
5187	30459	9
5187	30761	82
5187	30771	4
5187	30821	5
5187	30876	65
5187	31136	29
5187	31169	5
5187	31241	10
5187	34610	1
5187	34839	17
5187	34996	11
5187	35106	179
5187	35208	2
5187	35327	17
5187	35375	9
5187	35385	7
5187	38122	11
5187	38247	16
5187	38465	11
5187	39275	11
5187	39938	50
5187	41712	4
5187	41799	8
5187	42520	6
5187	43420	25
5187	43495	10
5187	43604	2
5187	44979	102
5187	45527	11
5187	45547	12
5187	45930	35
5187	47124	37
5187	47247	39
5187	49374	6
5187	49653	6
5187	51526	9
5187	54712	13
6981	7194	7
6981	7334	9
6981	8528	135
6981	8617	8
6981	8657	9
6981	9306	6
6981	9598	46
6981	9607	39
6981	10128	22
6981	10525	22
6981	11232	7
6981	11316	19
6981	11501	8
6981	11567	375
6981	11789	29
6981	11850	58
6981	11856	11
6981	11937	7
6981	11975	12
6981	12027	8
6981	12052	5
6981	12070	5
6981	12171	435
6981	13331	9
6981	13872	11
6981	13909	68
6981	14023	156
6981	14097	39
6981	14381	45
6981	14386	22
6981	15415	3
6981	15815	20
6981	16803	3
6981	17938	12
6981	20110	74
6981	20146	50
6981	20177	48
6981	20183	40
6981	20208	9
6981	21967	17
6981	23301	2
6981	24248	5
6981	25745	3
6981	25911	3
6981	26173	8
6981	26220	7
6981	27499	10
6981	27581	95
6981	27582	12
6981	27803	159
6981	27827	38
6981	27839	92
6981	27873	74
6981	28005	12
6981	29209	13
6981	29474	80
6981	29587	175
6981	30459	53
6981	30761	199
6981	30771	32
6981	30821	16
6981	30876	216
6981	31136	94
6981	31169	37
6981	31241	69
6981	34610	27
6981	34839	21
6981	34996	7
6981	35106	222
6981	35208	17
6981	35327	30
6981	35375	25
6981	35385	29
6981	38122	28
6981	38247	29
6981	38465	35
6981	39275	5
6981	39938	4
6981	41712	51
6981	41799	6
6981	42520	7
6981	43420	6
6981	43495	2
6981	43604	2
6981	44979	23
6981	45527	10
6981	45547	9
6981	45930	24
6981	47124	8
6981	47247	10
6981	49374	2
6981	49653	61
6981	51526	14
6981	54712	2
7194	7334	153
7194	8528	10
7194	8617	16
7194	8657	1
7194	9598	5
7194	9607	5
7194	10128	7
7194	10259	1
7194	10525	14
7194	11232	3
7194	11316	11
7194	11501	3
7194	11567	122
7194	11789	6
7194	11850	11
7194	11856	6
7194	11937	4
7194	11975	5
7194	12027	7
7194	12052	2
7194	12070	2
7194	12171	134
7194	13331	15
7194	13872	11
7194	13909	5
7194	14023	23
7194	14097	2
7194	14381	15
7194	14386	7
7194	15415	22
7194	15454	8
7194	15815	8
7194	16803	2
7194	17938	7
7194	20110	4
7194	20146	8
7194	20177	1
7194	20183	3
7194	20208	7
7194	21967	2
7194	23301	7
7194	24248	12
7194	25911	14
7194	26173	11
7194	26220	5
7194	27499	11
7194	27581	65
7194	27582	12
7194	27803	29
7194	27827	14
7194	27839	14
7194	27873	9
7194	28005	19
7194	29474	5
7194	29587	11
7194	30459	6
7194	30761	31
7194	30771	1
7194	30821	2
7194	30876	19
7194	31136	10
7194	31169	3
7194	31241	2
7194	34839	2
7194	34996	7
7194	35106	53
7194	35208	2
7194	35327	8
7194	35375	4
7194	35385	3
7194	38122	4
7194	38247	6
7194	38465	5
7194	39938	11
7194	41712	5
7194	41799	1
7194	42520	1
7194	43420	6
7194	43495	5
7194	44979	32
7194	45527	8
7194	45547	3
7194	45930	16
7194	47124	4
7194	47247	3
7194	49374	3
7194	49653	2
7194	51526	7
7194	54712	9
7334	8528	19
7334	8617	6
7334	8657	3
7334	9306	1
7334	9598	6
7334	9607	6
7334	10128	10
7334	10259	1
7334	10525	24
7334	11232	8
7334	11316	18
7334	11501	8
7334	11567	162
7334	11789	10
7334	11850	24
7334	11856	6
7334	11937	9
7334	11975	5
7334	12027	5
7334	12052	2
7334	12070	2
7334	12171	171
7334	13331	14
7334	13872	12
7334	13909	4
7334	14023	16
7334	14097	7
7334	14381	18
7334	14386	7
7334	15415	25
7334	15454	5
7334	15815	8
7334	16803	4
7334	17938	12
7334	20110	6
7334	20146	6
7334	20177	2
7334	20183	4
7334	20208	5
7334	21967	2
7334	23301	5
7334	24248	5
7334	25745	2
7334	25911	17
7334	26173	15
7334	27499	15
7334	27581	70
7334	27582	15
7334	27803	35
7334	27827	11
7334	27839	19
7334	27873	15
7334	28005	14
7334	29209	2
7334	29474	8
7334	29587	16
7334	30459	5
7334	30761	27
7334	30771	4
7334	30821	3
7334	30876	31
7334	31136	14
7334	31169	4
7334	31241	6
7334	34839	3
7334	34996	10
7334	35106	82
7334	35208	4
7334	35327	15
7334	35375	4
7334	35385	6
7334	38122	6
7334	38247	8
7334	38465	2
7334	39275	1
7334	39938	8
7334	41712	6
7334	41799	1
7334	42520	1
7334	43420	12
7334	43495	2
7334	43604	1
7334	44979	32
7334	45527	11
7334	45547	5
7334	45930	21
7334	47124	1
7334	47247	2
7334	49374	4
7334	49653	3
7334	51526	7
7334	54712	7
8528	8617	34
8528	9306	3
8528	9598	60
8528	9607	44
8528	10128	528
8528	10259	36
8528	10525	57
8528	11232	91
8528	11316	436
8528	11501	131
8528	11567	1175
8528	11789	120
8528	11850	590
8528	11856	116
8528	11937	94
8528	11975	49
8528	12027	37
8528	12052	18
8528	12070	35
8528	12171	1126
8528	13331	42
8528	13872	63
8528	13909	74
8528	14023	284
8528	14097	53
8528	15415	29
8528	15454	4
8528	16803	48
8528	17938	123
8528	20110	97
8528	20146	49
8528	20177	50
8528	20183	42
8528	20208	31
8528	21967	17
8528	23301	22
8528	24248	26
8528	25745	42
8528	25911	15
8528	26173	30
8528	26220	18
8528	27499	29
8528	27581	226
8528	27582	31
8528	27803	550
8528	27827	161
8528	27839	369
8528	27873	187
8528	28005	40
8528	29209	14
8528	29474	186
8528	29587	361
8528	30459	105
8528	30761	365
8528	30771	43
8528	30821	23
8528	30876	381
8528	31136	2
8528	34610	31
8528	34839	43
8528	34996	7
8528	35106	1013
8528	35208	42
8528	35327	91
8528	35375	49
8528	35385	43
8528	38122	44
8528	38247	101
8528	38465	217
8528	39275	58
8528	39938	20
8528	41712	47
8528	42520	25
8528	43420	84
8528	43495	24
8528	43604	15
8528	44979	124
8528	45527	46
8528	45547	26
8528	45930	63
8528	47124	62
8528	47247	73
8528	49374	20
8528	49653	80
8528	51526	20
8528	54712	25
8617	8657	1
8617	9306	7
8617	9598	22
8617	9607	10
8617	10128	23
8617	10259	6
8617	10525	17
8617	11232	12
8617	11316	32
8617	11501	10
8617	11567	194
8617	11789	11
8617	11850	42
8617	11856	4
8617	11937	15
8617	11975	5
8617	12027	100
8617	12052	5
8617	12070	11
8617	12171	232
8617	13331	28
8617	13872	26
8617	13909	4
8617	14023	67
8617	14097	7
8617	14381	15
8617	14386	8
8617	15415	6
8617	15454	5
8617	15815	8
8617	16803	3
8617	17938	11
8617	20110	13
8617	20146	19
8617	20177	2
8617	20183	7
8617	20208	10
8617	21967	8
8617	23301	31
8617	24248	356
8617	25745	10
8617	25911	9
8617	26173	6
8617	26220	27
8617	27499	9
8617	27581	87
8617	27582	10
8617	27803	31
8617	27827	33
8617	27839	23
8617	27873	12
8617	28005	15
8617	29209	3
8617	29474	12
8617	29587	26
8617	30459	9
8617	30761	102
8617	30771	1
8617	30821	3
8617	30876	35
8617	31136	15
8617	31169	4
8617	31241	7
8617	34610	1
8617	34839	10
8617	34996	11
8617	35106	86
8617	35208	5
8617	35327	7
8617	35375	9
8617	35385	9
8617	38122	13
8617	38247	7
8617	38465	14
8617	39275	5
8617	39938	61
8617	41712	4
8617	41799	19
8617	42520	5
8617	43420	32
8617	43495	26
8617	43604	5
8617	44979	43
8617	45527	10
8617	45547	5
8617	45930	7
8617	47124	7
8617	47247	7
8617	49374	6
8617	49653	7
8617	54712	52
8657	9306	4
8657	9598	14
8657	9607	18
8657	10128	20
8657	10259	16
8657	10525	8
8657	11232	12
8657	11316	136
8657	11501	1
8657	11567	179
8657	11789	33
8657	11850	90
8657	11856	6
8657	11937	13
8657	11975	8
8657	12027	5
8657	12052	4
8657	12070	2
8657	12171	125
8657	13331	6
8657	13872	2
8657	13909	13
8657	14023	30
8657	14097	8
8657	14381	20
8657	14386	4
8657	15415	6
8657	15454	1
8657	15815	4
8657	16803	2
8657	17938	5
8657	20110	3
8657	20146	10
8657	20177	3
8657	20183	8
8657	20208	6
8657	21967	3
8657	24248	1
8657	25745	11
8657	25911	1
8657	26173	6
8657	26220	1
8657	27499	8
8657	27581	19
8657	27582	8
8657	27803	61
8657	27827	14
8657	27839	31
8657	27873	19
8657	28005	5
8657	29209	4
8657	29474	10
8657	29587	21
8657	30459	8
8657	30761	48
8657	30771	5
8657	30821	2
8657	30876	54
8657	31136	15
8657	31169	15
8657	31241	39
8657	34610	4
8657	34839	1
8657	34996	52
8657	35106	114
8657	35208	4
8657	35327	14
8657	35375	2
8657	35385	10
8657	38122	5
8657	38247	16
8657	38465	32
8657	39275	4
8657	39938	2
8657	41712	8
8657	41799	4
8657	42520	7
8657	43420	12
8657	43495	6
8657	43604	4
8657	44979	12
8657	45527	8
8657	45547	1
8657	45930	3
8657	47124	3
8657	47247	7
8657	49374	2
8657	49653	9
8657	51526	5
8657	54712	7
9306	9598	16
9306	9607	25
9306	10128	6
9306	10259	2
9306	11232	1
9306	11316	87
9306	11501	1
9306	11567	205
9306	11789	22
9306	11850	27
9306	11856	1
9306	11937	1
9306	12027	1
9306	12052	3
9306	12171	126
9306	13331	5
9306	13872	2
9306	13909	18
9306	14023	91
9306	14097	9
9306	14381	5
9306	14386	5
9306	15815	5
9306	16803	1
9306	17938	1
9306	20110	8
9306	20146	18
9306	20177	10
9306	20183	15
9306	20208	146
9306	21967	19
9306	24248	3
9306	25745	1
9306	25911	1
9306	27499	11
9306	27581	9
9306	27582	11
9306	27803	42
9306	27827	22
9306	27839	38
9306	27873	24
9306	28005	6
9306	29209	10
9306	29474	3
9306	29587	10
9306	30459	7
9306	30761	131
9306	30771	23
9306	30821	33
9306	30876	170
9306	31136	13
9306	31169	11
9306	31241	18
9306	34610	4
9306	34996	68
9306	35106	36
9306	35208	12
9306	35327	13
9306	35375	7
9306	35385	23
9306	38122	24
9306	38465	54
9306	39275	1
9306	41712	33
9306	42520	13
9306	43420	4
9306	43495	2
9306	43604	1
9306	44979	5
9306	45547	4
9306	47247	1
9306	49374	8
9306	49653	17
9306	51526	15
9306	54712	5
9598	9607	298
9598	10128	20
9598	10259	3
9598	10525	8
9598	11232	2
9598	11316	59
9598	11501	4
9598	11567	229
9598	11789	17
9598	11850	39
9598	11856	2
9598	11937	2
9598	11975	12
9598	12027	4
9598	12052	5
9598	12070	1
9598	12171	239
9598	13331	8
9598	13872	6
9598	13909	11
9598	14023	192
9598	14097	81
9598	14381	28
9598	14386	15
9598	15415	8
9598	15815	17
9598	16803	6
9598	17938	8
9598	20110	40
9598	20146	17
9598	20177	24
9598	20183	14
9598	20208	17
9598	21967	24
9598	23301	1
9598	24248	17
9598	25745	2
9598	25911	1
9598	26173	2
9598	26220	4
9598	27499	8
9598	27581	57
9598	27582	10
9598	27803	115
9598	27827	42
9598	27839	60
9598	27873	50
9598	28005	17
9598	29209	2
9598	29474	19
9598	29587	89
9598	30459	64
9598	30761	68
9598	30771	2
9598	30821	7
9598	30876	77
9598	31136	63
9598	31169	43
9598	31241	52
9598	34610	5
9598	34839	25
9598	34996	45
9598	35106	167
9598	35208	14
9598	35327	24
9598	35375	20
9598	35385	35
9598	38122	15
9598	38247	8
9598	38465	35
9598	39275	7
9598	39938	3
9598	41712	12
9598	41799	5
9598	42520	1
9598	43420	7
9598	44979	18
9598	45527	5
9598	45547	6
9598	45930	7
9598	47124	10
9598	47247	10
9598	49374	1
9598	49653	22
9598	51526	15
9598	54712	4
9607	10128	16
9607	10259	7
9607	10525	6
9607	11232	2
9607	11316	73
9607	11501	2
9607	11567	260
9607	11789	19
9607	11850	51
9607	11856	5
9607	11937	2
9607	11975	10
9607	12027	3
9607	12052	5
9607	12070	4
9607	12171	264
9607	13331	12
9607	13872	9
9607	13909	18
9607	14023	213
9607	14097	89
9607	14381	32
9607	14386	15
9607	15415	10
9607	15454	1
9607	15815	17
9607	16803	4
9607	17938	6
9607	20110	24
9607	20146	20
9607	20177	10
9607	20183	14
9607	20208	20
9607	21967	29
9607	23301	2
9607	24248	4
9607	25745	2
9607	25911	1
9607	26173	3
9607	26220	3
9607	27499	8
9607	27581	62
9607	27582	8
9607	27803	121
9607	27827	39
9607	27839	68
9607	27873	49
9607	28005	22
9607	29209	4
9607	29474	20
9607	29587	102
9607	30459	63
9607	30761	89
9607	30771	4
9607	30821	11
9607	30876	102
9607	31136	70
9607	31169	52
9607	31241	66
9607	34610	10
9607	34839	28
9607	34996	65
9607	35106	177
9607	35208	19
9607	35327	33
9607	35375	6
9607	35385	43
9607	38122	13
9607	38247	9
9607	38465	36
9607	39275	8
9607	39938	2
9607	41712	14
9607	41799	4
9607	42520	2
9607	43420	8
9607	44979	12
9607	45527	4
9607	45547	6
9607	45930	6
9607	47124	9
9607	47247	7
9607	49374	1
9607	49653	27
9607	51526	16
9607	54712	3
10128	10259	2
10128	10525	53
10128	11232	46
10128	11316	466
10128	11501	79
10128	11567	668
10128	11789	93
10128	11850	555
10128	11856	84
10128	11937	49
10128	11975	31
10128	12027	23
10128	12052	8
10128	12070	26
10128	12171	509
10128	13331	24
10128	13872	32
10128	13909	23
10128	14023	113
10128	14097	22
10128	14381	75
10128	14386	16
10128	15415	24
10128	15454	4
10128	15815	15
10128	16803	22
10128	17938	72
10128	20110	26
10128	20146	10
10128	20177	13
10128	20183	11
10128	20208	11
10128	21967	7
10128	23301	10
10128	24248	21
10128	25745	29
10128	25911	5
10128	26173	24
10128	26220	10
10128	27499	13
10128	27581	112
10128	27582	12
10128	27803	104
10128	27827	19
10128	27839	43
10128	27873	34
10128	28005	29
10128	29209	5
10128	29474	76
10128	29587	119
10128	30459	39
10128	30761	165
10128	30771	19
10128	30821	8
10128	30876	168
10128	31136	99
10128	31169	5
10128	31241	32
10128	34610	9
10128	34839	25
10128	34996	6
10128	35106	664
10128	35208	9
10128	35327	20
10128	35375	23
10128	35385	24
10128	38122	20
10128	38247	66
10128	38465	41
10128	39275	51
10128	39938	14
10128	41712	10
10128	41799	11
10128	42520	14
10128	43420	85
10128	43495	28
10128	43604	16
10128	44979	63
10128	45527	27
10128	45547	10
10128	45930	28
10128	47124	67
10128	47247	77
10128	49374	8
10128	49653	24
10128	51526	10
10128	54712	24
10259	10525	7
10259	11232	37
10259	11316	99
10259	11501	29
10259	11567	239
10259	11789	35
10259	11850	81
10259	11856	4
10259	11937	39
10259	11975	7
10259	12027	12
10259	12052	7
10259	12070	1
10259	12171	203
10259	13331	4
10259	13872	4
10259	13909	2
10259	14023	20
10259	14097	2
10259	14381	14
10259	14386	3
10259	15415	2
10259	15454	4
10259	15815	2
10259	16803	1
10259	17938	27
10259	20110	4
10259	20146	1
10259	20177	3
10259	20183	1
10259	20208	3
10259	21967	3
10259	24248	4
10259	25745	39
10259	25911	6
10259	26173	15
10259	26220	3
10259	27499	5
10259	27581	24
10259	27582	6
10259	27803	32
10259	27827	6
10259	27839	16
10259	27873	7
10259	28005	5
10259	29209	3
10259	29474	7
10259	29587	7
10259	30459	2
10259	30761	30
10259	30771	1
10259	30821	3
10259	30876	28
10259	31136	7
10259	31241	5
10259	34610	3
10259	34839	4
10259	34996	18
10259	35106	97
10259	35208	5
10259	35327	4
10259	35375	1
10259	35385	5
10259	38122	6
10259	38247	7
10259	38465	7
10259	39275	5
10259	39938	3
10259	41712	2
10259	41799	3
10259	42520	2
10259	43420	26
10259	43495	23
10259	43604	12
10259	44979	25
10259	45527	6
10259	45930	4
10259	47124	10
10259	47247	10
10259	49653	8
10259	51526	6
10259	54712	10
10525	11232	17
10525	11316	27
10525	11501	22
10525	11567	459
10525	11789	39
10525	11850	77
10525	11856	14
10525	11937	19
10525	11975	18
10525	12027	8
10525	12052	6
10525	12070	7
10525	12171	500
10525	13331	63
10525	13872	16
10525	13909	6
10525	14023	39
10525	14097	4
10525	14381	17
10525	14386	2
10525	15415	44
10525	15454	4
10525	15815	2
10525	16803	9
10525	17938	29
10525	20110	14
10525	20146	4
10525	20177	12
10525	20183	4
10525	20208	8
10525	21967	6
10525	23301	20
10525	24248	9
10525	25745	7
10525	25911	10
10525	26173	20
10525	26220	22
10525	27499	15
10525	27581	114
10525	27582	17
10525	27803	49
10525	27827	5
10525	27839	14
10525	27873	19
10525	28005	20
10525	29209	2
10525	29474	20
10525	29587	48
10525	30459	8
10525	30761	57
10525	30771	5
10525	30821	4
10525	30876	54
10525	31136	63
10525	31169	7
10525	31241	25
10525	34610	1
10525	34839	19
10525	34996	1
10525	35106	243
10525	35208	9
10525	35327	20
10525	35375	7
10525	35385	8
10525	38122	18
10525	38247	37
10525	38465	7
10525	39275	7
10525	39938	30
10525	41712	2
10525	41799	26
10525	42520	3
10525	43420	32
10525	43495	7
10525	43604	10
10525	44979	69
10525	45527	24
10525	45547	13
10525	45930	62
10525	47124	14
10525	47247	18
10525	49374	15
10525	49653	10
10525	51526	7
10525	54712	9
11232	11316	169
11232	11501	299
11232	11567	337
11232	11789	24
11232	11850	122
11232	11856	1
11232	11937	457
11232	11975	30
11232	12027	8
11232	12052	19
11232	12171	293
11232	13331	5
11232	13872	25
11232	13909	4
11232	14023	37
11232	14097	5
11232	14381	20
11232	14386	6
11232	15415	9
11232	15454	4
11232	15815	1
11232	16803	10
11232	17938	330
11232	20110	7
11232	20146	3
11232	20177	5
11232	20183	3
11232	20208	10
11232	21967	4
11232	23301	5
11232	24248	7
11232	25745	33
11232	25911	29
11232	26173	15
11232	26220	4
11232	27499	14
11232	27581	65
11232	27582	14
11232	27803	58
11232	27827	8
11232	27839	18
11232	27873	21
11232	28005	8
11232	29209	2
11232	29474	12
11232	29587	44
11232	30459	11
11232	30761	58
11232	30771	3
11232	30821	6
11232	30876	57
11232	31136	9
11232	31169	2
11232	31241	8
11232	34839	7
11232	34996	21
11232	35106	177
11232	35208	4
11232	35327	8
11232	35375	6
11232	35385	6
11232	38122	7
11232	38247	7
11232	38465	12
11232	39275	19
11232	39938	6
11232	41712	1
11232	41799	2
11232	42520	11
11232	43420	38
11232	43495	12
11232	43604	15
11232	44979	37
11232	45527	18
11232	45547	5
11232	45930	5
11232	47124	34
11232	47247	38
11232	49374	6
11232	49653	6
11232	51526	2
11232	54712	8
11316	11501	151
11316	11567	1510
11316	11789	361
11316	11850	870
11316	11856	53
11316	11937	184
11316	11975	73
11316	12027	42
11316	12052	29
11316	12070	14
11316	12171	586
11316	13331	31
11316	13872	32
11316	13909	37
11316	14023	190
11316	14097	34
11316	14381	127
11316	14386	58
11316	15415	26
11316	15454	9
11316	15815	49
11316	16803	10
11316	17938	138
11316	20110	27
11316	20146	42
11316	20177	21
11316	20183	41
11316	20208	78
11316	21967	39
11316	23301	6
11316	24248	21
11316	25745	78
11316	25911	14
11316	26173	40
11316	26220	20
11316	27499	33
11316	27581	109
11316	27582	34
11316	27803	257
11316	27827	71
11316	27839	164
11316	27873	100
11316	28005	48
11316	29209	53
11316	29474	52
11316	29587	77
11316	30459	34
11316	30761	343
11316	30771	38
11316	30821	34
11316	30876	397
11316	31136	104
11316	31169	27
11316	31241	82
11316	34610	14
11316	34839	20
11316	34996	334
11316	35106	820
11316	35208	32
11316	35327	80
11316	35375	35
11316	35385	89
11316	38122	42
11316	38247	35
11316	38465	310
11316	39275	110
11316	39938	14
11316	41712	57
11316	41799	22
11316	42520	44
11316	43420	107
11316	43495	39
11316	43604	32
11316	44979	91
11316	45527	22
11316	45547	35
11316	45930	13
11316	47124	136
11316	47247	148
11316	49374	8
11316	49653	48
11316	51526	80
11316	54712	52
11501	11567	307
11501	11789	22
11501	11850	127
11501	11856	2
11501	11937	309
11501	11975	29
11501	12027	11
11501	12052	11
11501	12070	1
11501	12171	321
11501	13331	7
11501	13872	28
11501	13909	6
11501	14023	43
11501	14097	8
11501	14381	29
11501	14386	4
11501	15415	15
11501	15454	4
11501	15815	2
11501	16803	10
11501	17938	372
11501	20110	13
11501	20146	3
11501	20177	9
11501	20183	3
11501	20208	6
11501	21967	5
11501	23301	7
11501	24248	6
11501	25745	31
11501	25911	42
11501	26173	20
11501	26220	3
11501	27499	11
11501	27581	78
11501	27582	12
11501	27803	61
11501	27827	6
11501	27839	17
11501	27873	24
11501	28005	9
11501	29209	1
11501	29474	28
11501	29587	56
11501	30459	19
11501	30761	63
11501	30771	3
11501	30821	3
11501	30876	63
11501	31136	8
11501	31169	2
11501	31241	6
11501	34610	1
11501	34839	6
11501	35106	219
11501	35208	2
11501	35327	6
11501	35375	5
11501	35385	7
11501	38122	7
11501	38247	9
11501	38465	3
11501	39275	30
11501	39938	4
11501	41712	1
11501	41799	1
11501	42520	14
11501	43420	43
11501	43495	11
11501	43604	13
11501	44979	37
11501	45527	19
11501	45547	5
11501	45930	5
11501	47124	49
11501	47247	57
11501	49374	5
11501	49653	9
11501	51526	1
11501	54712	8
11567	11789	846
11567	11850	1673
11567	11856	253
11567	11937	361
11567	11975	233
11567	12027	119
11567	12052	138
11567	12070	91
11567	12171	7688
11567	13331	298
11567	13872	354
11567	13909	252
11567	14023	1070
11567	14097	200
11567	14381	401
11567	14386	162
11567	15415	176
11567	15454	117
11567	15815	143
11567	16803	177
11567	17938	371
11567	20110	214
11567	20146	150
11567	20177	121
11567	20183	123
11567	20208	266
11567	21967	161
11567	23301	153
11567	24248	140
11567	25745	197
11567	25911	144
11567	26173	253
11567	26220	174
11567	27499	171
11567	27581	1146
11567	27582	194
11567	27803	1201
11567	27827	295
11567	27839	643
11567	27873	493
11567	28005	282
11567	29209	186
11567	29474	484
11567	29587	939
11567	30459	227
11567	30761	1754
11567	30771	189
11567	30821	157
11567	30876	1779
11567	31136	734
11567	31169	240
11567	31241	490
11567	34610	164
11567	34839	185
11567	34996	465
11567	35106	2921
11567	35208	160
11567	35327	366
11567	35375	165
11567	35385	270
11567	38122	254
11567	38247	310
11567	38465	603
11567	39275	248
11567	39938	219
11567	41712	218
11567	41799	121
11567	42520	167
11567	43420	635
11567	43495	317
11567	43604	196
11567	44979	513
11567	45527	241
11567	45547	170
11567	45930	243
11567	47124	295
11567	47247	313
11567	49374	244
11567	49653	246
11567	51526	235
11567	54712	205
11789	11850	217
11789	11856	40
11789	11937	25
11789	11975	21
11789	12027	15
11789	12052	16
11789	12070	16
11789	12171	764
11789	13331	19
11789	13872	24
11789	13909	24
11789	14023	102
11789	14097	6
11789	14381	36
11789	14386	12
11789	15415	14
11789	15454	17
11789	15815	12
11789	16803	10
11789	17938	23
11789	20110	18
11789	20146	12
11789	20177	9
11789	20183	12
11789	20208	32
11789	21967	12
11789	23301	12
11789	24248	9
11789	25745	16
11789	25911	10
11789	26173	26
11789	26220	30
11789	27499	12
11789	27581	86
11789	27582	14
11789	27803	122
11789	27827	28
11789	27839	65
11789	27873	48
11789	28005	26
11789	29209	30
11789	29474	57
11789	29587	66
11789	30459	16
11789	30761	179
11789	30771	20
11789	30821	14
11789	30876	190
11789	31136	99
11789	31169	19
11789	31241	46
11789	34610	25
11789	34839	15
11789	34996	110
11789	35106	321
11789	35208	23
11789	35327	46
11789	35375	15
11789	35385	24
11789	38122	16
11789	38247	45
11789	38465	120
11789	39275	16
11789	39938	18
11789	41712	19
11789	41799	15
11789	42520	20
11789	43420	82
11789	43495	36
11789	43604	21
11789	44979	49
11789	45527	20
11789	45547	15
11789	45930	25
11789	47124	29
11789	47247	24
11789	49374	13
11789	49653	31
11789	51526	91
11789	54712	26
11850	11856	61
11850	11937	134
11850	11975	55
11850	12027	129
11850	12052	159
11850	12070	16
11850	12171	1298
11850	13331	42
11850	13872	65
11850	13909	53
11850	14023	238
11850	14097	45
11850	14381	130
11850	14386	39
11850	15415	33
11850	15454	17
11850	15815	30
11850	16803	31
11850	17938	134
11850	20110	44
11850	20146	31
11850	20177	22
11850	20183	29
11850	20208	48
11850	21967	23
11850	23301	30
11850	24248	34
11850	25745	89
11850	25911	28
11850	26173	33
11850	26220	25
11850	27499	40
11850	27581	261
11850	27582	43
11850	27803	296
11850	27827	64
11850	27839	165
11850	27873	124
11850	28005	71
11850	29209	26
11850	29474	127
11850	29587	205
11850	30459	65
11850	30761	376
11850	30771	42
11850	30821	20
11850	30876	388
11850	31136	175
11850	31169	20
11850	31241	96
11850	34610	17
11850	34839	34
11850	34996	132
11850	35106	1084
11850	35208	26
11850	35327	63
11850	35375	28
11850	35385	46
11850	38122	46
11850	38247	104
11850	38465	159
11850	39275	84
11850	39938	21
11850	41712	40
11850	41799	32
11850	42520	49
11850	43420	169
11850	43495	54
11850	43604	45
11850	44979	135
11850	45527	55
11850	45547	28
11850	45930	53
11850	47124	125
11850	47247	131
11850	49374	19
11850	49653	56
11850	51526	40
11850	54712	54
11856	11937	1
11856	11975	5
11856	12027	4
11856	12052	1
11856	12070	95
11856	12171	245
11856	13331	7
11856	13872	7
11856	13909	7
11856	14023	20
11856	14097	3
11856	14381	6
11856	15415	5
11856	15454	2
11856	15815	1
11856	16803	6
11856	17938	3
11856	20110	6
11856	20177	5
11856	20208	2
11856	23301	6
11856	24248	3
11856	25745	3
11856	25911	4
11856	26173	3
11856	26220	9
11856	27499	2
11856	27581	25
11856	27582	2
11856	27803	13
11856	27827	3
11856	27839	5
11856	27873	7
11856	28005	2
11856	29209	2
11856	29474	16
11856	29587	24
11856	30459	5
11856	30761	41
11856	30771	5
11856	30821	2
11856	30876	45
11856	31136	41
11856	31169	5
11856	31241	24
11856	34610	6
11856	34839	4
11856	34996	10
11856	35106	66
11856	35327	4
11856	35375	2
11856	35385	4
11856	38122	2
11856	38247	29
11856	38465	46
11856	39275	4
11856	39938	4
11856	41712	7
11856	41799	9
11856	42520	3
11856	43420	14
11856	43495	12
11856	43604	2
11856	44979	12
11856	45527	10
11856	45547	3
11856	45930	10
11856	47124	1
11856	47247	1
11856	49374	8
11856	49653	11
11856	51526	2
11856	54712	7
11937	11975	31
11937	12027	10
11937	12052	20
11937	12070	1
11937	12171	317
11937	13331	7
11937	13872	26
11937	13909	4
11937	14023	42
11937	14097	6
11937	14381	20
11937	14386	6
11937	15415	9
11937	15454	4
11937	15815	1
11937	16803	10
11937	17938	349
11937	20110	7
11937	20146	3
11937	20177	5
11937	20183	3
11937	20208	10
11937	21967	4
11937	23301	5
11937	24248	9
11937	25745	36
11937	25911	31
11937	26173	17
11937	26220	4
11937	27499	14
11937	27581	70
11937	27582	15
11937	27803	61
11937	27827	10
11937	27839	18
11937	27873	21
11937	28005	11
11937	29209	2
11937	29474	13
11937	29587	45
11937	30459	11
11937	30761	65
11937	30771	3
11937	30821	6
11937	30876	59
11937	31136	10
11937	31169	2
11937	31241	8
11937	34839	7
11937	34996	21
11937	35106	188
11937	35208	4
11937	35327	8
11937	35375	6
11937	35385	7
11937	38122	7
11937	38247	7
11937	38465	14
11937	39275	22
11937	39938	10
11937	41712	1
11937	41799	2
11937	42520	11
11937	43420	44
11937	43495	14
11937	43604	17
11937	44979	42
11937	45527	20
11937	45547	7
11937	45930	5
11937	47124	37
11937	47247	40
11937	49374	6
11937	49653	7
11937	51526	3
11937	54712	8
11975	12027	4
11975	12052	2
11975	12070	2
11975	12171	147
11975	13331	9
11975	13872	7
11975	13909	8
11975	14023	38
11975	14097	3
11975	14381	9
11975	14386	3
11975	15415	3
11975	15454	4
11975	15815	1
11975	17938	29
11975	20110	5
11975	20146	3
11975	20177	2
11975	20183	4
11975	20208	6
11975	21967	2
11975	23301	4
11975	24248	5
11975	25745	5
11975	25911	2
11975	26173	4
11975	26220	3
11975	27499	4
11975	27581	42
11975	27582	5
11975	27803	35
11975	27827	8
11975	27839	15
11975	27873	13
11975	28005	10
11975	29209	2
11975	29474	13
11975	29587	24
11975	30459	8
11975	30761	40
11975	30771	5
11975	30821	1
11975	30876	42
11975	31136	15
11975	31169	6
11975	31241	10
11975	34610	3
11975	34839	5
11975	34996	12
11975	35106	102
11975	35208	2
11975	35327	4
11975	35375	5
11975	35385	7
11975	38122	4
11975	38247	5
11975	38465	13
11975	39275	16
11975	39938	9
11975	41712	5
11975	41799	4
11975	42520	4
11975	43420	13
11975	43495	6
11975	43604	1
11975	44979	14
11975	45527	10
11975	45547	5
11975	45930	7
11975	47124	14
11975	47247	17
11975	49374	2
11975	49653	11
11975	51526	2
11975	54712	7
12027	12052	4
12027	12070	11
12027	12171	165
12027	13331	8
12027	13872	10
12027	13909	4
12027	14023	33
12027	14097	3
12027	14381	11
12027	14386	5
12027	15415	4
12027	15454	1
12027	15815	4
12027	16803	2
12027	17938	10
12027	20110	8
12027	20146	12
12027	20177	1
12027	20183	3
12027	20208	6
12027	21967	4
12027	23301	8
12027	24248	89
12027	25745	17
12027	25911	3
12027	26173	2
12027	26220	7
12027	27499	3
12027	27581	35
12027	27582	3
12027	27803	28
12027	27827	16
12027	27839	21
12027	27873	12
12027	28005	9
12027	29209	5
12027	29474	13
12027	29587	16
12027	30459	5
12027	30761	44
12027	30771	2
12027	30821	3
12027	30876	29
12027	31136	12
12027	31169	1
12027	31241	8
12027	34839	5
12027	34996	7
12027	35106	66
12027	35208	3
12027	35327	4
12027	35375	2
12027	35385	4
12027	38122	4
12027	38247	4
12027	38465	11
12027	39275	6
12027	39938	13
12027	41712	3
12027	41799	19
12027	42520	3
12027	43420	17
12027	43495	9
12027	43604	4
12027	44979	31
12027	45527	4
12027	45547	1
12027	45930	4
12027	47124	13
12027	47247	12
12027	49374	2
12027	49653	5
12027	51526	1
12027	54712	29
12052	12070	5
12052	12171	194
12052	13331	8
12052	13872	6
12052	13909	5
12052	14023	26
12052	14097	1
12052	14381	10
12052	14386	2
12052	15415	2
12052	15454	4
12052	15815	3
12052	16803	5
12052	17938	15
12052	20110	6
12052	20146	2
12052	20177	3
12052	20208	3
12052	23301	4
12052	24248	3
12052	25745	2
12052	25911	4
12052	26173	2
12052	26220	5
12052	27499	2
12052	27581	23
12052	27582	3
12052	27803	22
12052	27827	5
12052	27839	7
12052	27873	10
12052	28005	13
12052	29209	2
12052	29474	8
12052	29587	14
12052	30459	7
12052	30761	44
12052	30771	4
12052	30821	3
12052	30876	37
12052	31136	17
12052	31169	1
12052	31241	8
12052	34610	1
12052	34839	2
12052	34996	7
12052	35106	57
12052	35208	2
12052	35327	5
12052	35375	2
12052	35385	2
12052	38122	5
12052	38247	7
12052	38465	7
12052	39275	4
12052	39938	5
12052	41712	6
12052	41799	4
12052	42520	3
12052	43420	12
12052	43495	2
12052	43604	1
12052	44979	26
12052	45527	5
12052	45547	2
12052	45930	2
12052	47124	15
12052	47247	15
12052	49374	1
12052	49653	6
12052	51526	4
12052	54712	8
12070	12171	151
12070	13331	5
12070	13872	4
12070	13909	4
12070	14023	8
12070	14381	3
12070	15415	1
12070	15454	3
12070	17938	1
12070	20110	4
12070	20177	3
12070	20208	2
12070	23301	6
12070	24248	10
12070	25911	4
12070	26173	1
12070	26220	8
12070	27581	12
12070	27803	6
12070	27827	2
12070	27839	2
12070	27873	3
12070	28005	2
12070	29209	2
12070	29474	6
12070	29587	9
12070	30459	1
12070	30761	19
12070	30771	1
12070	30821	1
12070	30876	15
12070	31136	27
12070	31169	2
12070	31241	14
12070	34610	2
12070	34839	1
12070	34996	3
12070	35106	22
12070	35327	3
12070	35375	1
12070	35385	2
12070	38247	12
12070	38465	19
12070	39275	1
12070	39938	4
12070	41712	1
12070	41799	17
12070	42520	1
12070	43420	6
12070	43495	5
12070	43604	1
12070	44979	12
12070	45527	3
12070	45547	1
12070	45930	5
12070	47124	1
12070	49374	3
12070	49653	5
12070	51526	1
12070	54712	6
12171	13331	354
12171	13872	340
12171	13909	275
12171	14023	1111
12171	14097	210
12171	14381	479
12171	14386	204
12171	15415	179
12171	15454	124
12171	15815	185
12171	16803	196
12171	17938	376
12171	20110	256
12171	20146	184
12171	20177	137
12171	20183	135
12171	20208	217
12171	21967	132
12171	23301	174
12171	24248	175
12171	25745	175
12171	25911	156
12171	26173	251
12171	26220	202
12171	27499	168
12171	27581	1275
12171	27582	204
12171	27803	1266
12171	27827	299
12171	27839	662
12171	27873	526
12171	28005	320
12171	29209	146
12171	29474	541
12171	29587	1050
12171	30459	269
12171	30761	1810
12171	30771	178
12171	30821	147
12171	30876	1728
12171	31136	768
12171	31169	255
12171	31241	448
12171	34610	168
12171	34839	201
12171	34996	285
12171	35106	3071
12171	35208	158
12171	35327	408
12171	35375	154
12171	35385	215
12171	38122	222
12171	38247	339
12171	38465	459
12171	39275	171
12171	39938	266
12171	41712	216
12171	41799	149
12171	42520	160
12171	43420	645
12171	43495	327
12171	43604	179
12171	44979	665
12171	45527	271
12171	45547	166
12171	45930	293
12171	47124	238
12171	47247	260
12171	49374	215
12171	49653	263
12171	51526	215
12171	54712	204
13331	13872	15
13331	13909	6
13331	14023	53
13331	14097	9
13331	14381	14
13331	14386	3
13331	15415	25
13331	15454	8
13331	15815	3
13331	16803	6
13331	17938	10
13331	20110	2
13331	20146	7
13331	20177	2
13331	20183	2
13331	20208	54
13331	21967	3
13331	23301	12
13331	24248	27
13331	25911	8
13331	26173	18
13331	26220	20
13331	27499	17
13331	27581	95
13331	27582	18
13331	27803	45
13331	27827	10
13331	27839	24
13331	27873	28
13331	28005	18
13331	29209	8
13331	29474	18
13331	29587	44
13331	30459	9
13331	30761	67
13331	30771	5
13331	30821	5
13331	30876	62
13331	31136	20
13331	31169	6
13331	31241	11
13331	34610	4
13331	34839	10
13331	34996	11
13331	35106	148
13331	35208	5
13331	35327	14
13331	35375	6
13331	35385	7
13331	38122	8
13331	38247	17
13331	38465	11
13331	39275	7
13331	39938	69
13331	41712	1
13331	41799	6
13331	42520	5
13331	43420	28
13331	43495	14
13331	43604	8
13331	44979	60
13331	45527	13
13331	45547	14
13331	45930	9
13331	47124	17
13331	47247	15
13331	49374	10
13331	49653	5
13331	51526	10
13331	54712	9
13872	14023	41
13872	14097	8
13872	14381	15
13872	14386	2
13872	15415	16
13872	15454	13
13872	15815	3
13872	16803	7
13872	17938	30
13872	20110	6
13872	20146	1
13872	20177	3
13872	20183	1
13872	21967	5
13872	23301	11
13872	24248	26
13872	25745	4
13872	25911	19
13872	26173	31
13872	26220	9
13872	27499	9
13872	27581	71
13872	27582	11
13872	27803	43
13872	27827	10
13872	27839	19
13872	27873	11
13872	28005	17
13872	29209	5
13872	29474	20
13872	29587	48
13872	30459	9
13872	30761	64
13872	30771	4
13872	30821	4
13872	30876	55
13872	31136	17
13872	31169	1
13872	31241	5
13872	34610	6
13872	34839	5
13872	34996	3
13872	35106	145
13872	35208	2
13872	35327	15
13872	35375	7
13872	35385	6
13872	38122	16
13872	38247	12
13872	38465	19
13872	39275	13
13872	39938	10
13872	41712	1
13872	41799	6
13872	42520	22
13872	43420	47
13872	43495	34
13872	43604	13
13872	44979	32
13872	45527	12
13872	45547	7
13872	45930	8
13872	47124	11
13872	47247	18
13872	49374	10
13872	49653	2
13872	51526	10
13872	54712	6
13909	14023	51
13909	14097	9
13909	14381	46
13909	14386	27
13909	15415	3
13909	15815	22
13909	16803	4
13909	17938	5
13909	20110	28
13909	20146	34
13909	20177	11
13909	20183	23
13909	20208	12
13909	21967	6
13909	23301	2
13909	24248	3
13909	25745	3
13909	25911	2
13909	26173	3
13909	26220	3
13909	27499	6
13909	27581	58
13909	27582	6
13909	27803	126
13909	27827	33
13909	27839	78
13909	27873	47
13909	28005	14
13909	29209	2
13909	29474	69
13909	29587	117
13909	30459	11
13909	30761	203
13909	30771	39
13909	30821	31
13909	30876	215
13909	31136	55
13909	31169	24
13909	31241	37
13909	34610	7
13909	34839	5
13909	34996	34
13909	35106	156
13909	35208	20
13909	35327	27
13909	35375	11
13909	35385	19
13909	38122	17
13909	38247	20
13909	38465	28
13909	39275	2
13909	39938	4
13909	41712	115
13909	41799	4
13909	42520	3
13909	43420	10
13909	43495	1
13909	43604	1
13909	44979	18
13909	45527	3
13909	45547	3
13909	45930	13
13909	47124	3
13909	47247	6
13909	49653	93
13909	51526	13
13909	54712	1
14023	14097	116
14023	14381	99
14023	14386	56
14023	15415	22
14023	15454	1
14023	15815	60
14023	16803	40
14023	17938	43
14023	20110	124
14023	20146	62
14023	20177	73
14023	20183	45
14023	20208	109
14023	21967	64
14023	23301	14
14023	24248	51
14023	25745	20
14023	25911	16
14023	26173	21
14023	26220	9
14023	27499	38
14023	27581	290
14023	27582	51
14023	27803	470
14023	27827	159
14023	27839	251
14023	27873	201
14023	28005	74
14023	29209	20
14023	29474	192
14023	29587	576
14023	30459	118
14023	30761	492
14023	30771	32
14023	30821	24
14023	30876	468
14023	31136	210
14023	31169	112
14023	31241	144
14023	34610	48
14023	34839	52
14023	34996	126
14023	35106	602
14023	35208	48
14023	35327	92
14023	35375	73
14023	35385	98
14023	38122	59
14023	38247	42
14023	38465	96
14023	39275	23
14023	39938	24
14023	41712	47
14023	41799	17
14023	42520	78
14023	43420	33
14023	43495	4
14023	43604	1
14023	44979	94
14023	45527	30
14023	45547	27
14023	45930	32
14023	47124	56
14023	47247	55
14023	49374	4
14023	49653	58
14023	51526	46
14023	54712	16
14097	14381	19
14097	14386	6
14097	15415	5
14097	15454	1
14097	15815	7
14097	16803	10
14097	17938	9
14097	20110	19
14097	20146	11
14097	20177	13
14097	20183	8
14097	20208	14
14097	21967	18
14097	23301	2
14097	24248	4
14097	25745	2
14097	26173	4
14097	26220	2
14097	27499	10
14097	27581	55
14097	27582	10
14097	27803	99
14097	27827	15
14097	27839	42
14097	27873	36
14097	28005	9
14097	29209	2
14097	29474	33
14097	29587	110
14097	30459	36
14097	30761	65
14097	30771	5
14097	30821	1
14097	30876	84
14097	31136	41
14097	31169	22
14097	31241	25
14097	34610	6
14097	34839	15
14097	34996	30
14097	35106	133
14097	35208	7
14097	35327	18
14097	35375	4
14097	35385	46
14097	38122	8
14097	38247	5
14097	38465	17
14097	39275	2
14097	39938	2
14097	41712	10
14097	42520	12
14097	43420	10
14097	43604	1
14097	44979	16
14097	45527	3
14097	45547	9
14097	45930	11
14097	47124	7
14097	47247	8
14097	49653	21
14097	51526	8
14097	54712	1
14381	14386	244
14381	15415	10
14381	15815	216
14381	16803	10
14381	17938	30
14381	20110	29
14381	20146	24
14381	20177	19
14381	20183	18
14381	20208	22
14381	21967	5
14381	23301	11
14381	24248	9
14381	25745	9
14381	25911	5
14381	26173	14
14381	26220	1
14381	27499	21
14381	27581	136
14381	27582	20
14381	27803	160
14381	27827	41
14381	27839	81
14381	27873	51
14381	28005	35
14381	29209	4
14381	29474	61
14381	29587	110
14381	30459	31
14381	30761	165
14381	30771	19
14381	30821	14
14381	30876	168
14381	31136	70
14381	31169	5
14381	31241	17
14381	34610	3
14381	34839	32
14381	34996	28
14381	35106	461
14381	35208	21
14381	35327	57
14381	35375	13
14381	35385	23
14381	38122	15
14381	38247	25
14381	38465	13
14381	39275	11
14381	39938	11
14381	41712	27
14381	41799	3
14381	42520	12
14381	43420	19
14381	43495	4
14381	43604	4
14381	44979	43
14381	45527	13
14381	45547	6
14381	45930	14
14381	47124	27
14381	47247	30
14381	49374	3
14381	49653	34
14381	51526	7
14381	54712	16
14386	15415	2
14386	15815	175
14386	16803	5
14386	17938	5
14386	20110	17
14386	20146	21
14386	20177	8
14386	20183	15
14386	20208	7
14386	21967	2
14386	23301	3
14386	24248	5
14386	25745	2
14386	25911	2
14386	26173	3
14386	26220	1
14386	27499	6
14386	27581	49
14386	27582	6
14386	27803	59
14386	27827	17
14386	27839	31
14386	27873	17
14386	28005	12
14386	29209	3
14386	29474	26
14386	29587	47
14386	30459	13
14386	30761	82
14386	30771	6
14386	30821	9
14386	30876	85
14386	31136	19
14386	31169	2
14386	31241	8
14386	34610	1
14386	34839	11
14386	34996	17
14386	35106	198
14386	35208	9
14386	35327	28
14386	35375	8
14386	35385	9
14386	38122	6
14386	38247	9
14386	38465	6
14386	39275	2
14386	39938	3
14386	41712	16
14386	42520	4
14386	43420	3
14386	43604	1
14386	44979	15
14386	45527	3
14386	45547	1
14386	45930	1
14386	47124	11
14386	47247	11
14386	49653	22
14386	51526	2
14386	54712	3
15415	15454	3
15415	15815	1
15415	16803	3
15415	17938	13
15415	20110	3
15415	20146	2
15415	20177	2
15415	20183	2
15415	20208	9
15415	21967	2
15415	23301	9
15415	24248	4
15415	25745	1
15415	25911	7
15415	26173	29
15415	26220	5
15415	27499	7
15415	27581	71
15415	27582	7
15415	27803	23
15415	27827	1
15415	27839	1
15415	27873	12
15415	28005	13
15415	29209	3
15415	29474	16
15415	29587	28
15415	30459	3
15415	30761	41
15415	30821	4
15415	30876	40
15415	31136	13
15415	31169	4
15415	31241	7
15415	34610	1
15415	34839	7
15415	34996	2
15415	35106	91
15415	35208	1
15415	35327	5
15415	35375	4
15415	35385	3
15415	38122	5
15415	38247	4
15415	38465	2
15415	39275	13
15415	39938	15
15415	41712	1
15415	41799	1
15415	42520	5
15415	43420	10
15415	43495	6
15415	43604	4
15415	44979	30
15415	45527	9
15415	45547	5
15415	45930	25
15415	47124	14
15415	47247	20
15415	49374	4
15415	49653	2
15415	51526	2
15415	54712	4
15454	16803	7
15454	17938	8
15454	20110	1
15454	20183	1
15454	20208	2
15454	21967	1
15454	23301	11
15454	24248	4
15454	25745	1
15454	25911	22
15454	26173	12
15454	26220	4
15454	27499	1
15454	27581	17
15454	27582	1
15454	27803	1
15454	27827	1
15454	27839	1
15454	27873	1
15454	28005	8
15454	29209	1
15454	29474	2
15454	29587	4
15454	30761	10
15454	30876	8
15454	31136	5
15454	31241	1
15454	34610	1
15454	34839	2
15454	34996	1
15454	35106	16
15454	35327	1
15454	35375	1
15454	38122	4
15454	38247	2
15454	38465	4
15454	39275	3
15454	39938	5
15454	41712	2
15454	41799	3
15454	42520	1
15454	43420	18
15454	43495	5
15454	43604	3
15454	44979	5
15454	45527	3
15454	45547	3
15454	45930	4
15454	47124	4
15454	47247	5
15454	49374	3
15454	49653	1
15454	51526	2
15454	54712	2
15815	16803	4
15815	17938	3
15815	20110	13
15815	20146	19
15815	20177	4
15815	20183	11
15815	20208	8
15815	21967	2
15815	23301	4
15815	24248	5
15815	25911	2
15815	26173	3
15815	26220	1
15815	27499	7
15815	27581	54
15815	27582	7
15815	27803	66
15815	27827	19
15815	27839	29
15815	27873	17
15815	28005	11
15815	29209	2
15815	29474	23
15815	29587	45
15815	30459	14
15815	30761	84
15815	30771	7
15815	30821	5
15815	30876	84
15815	31136	17
15815	31241	5
15815	34610	1
15815	34839	8
15815	34996	18
15815	35106	189
15815	35208	6
15815	35327	29
15815	35375	8
15815	35385	8
15815	38122	5
15815	38247	9
15815	38465	4
15815	39938	1
15815	41712	19
15815	42520	5
15815	43420	1
15815	43604	1
15815	44979	10
15815	45527	1
15815	45547	1
15815	45930	2
15815	47124	10
15815	47247	10
15815	49653	17
15815	51526	1
15815	54712	3
16803	17938	11
16803	20110	5
16803	20177	3
16803	20183	1
16803	20208	8
16803	21967	1
16803	23301	3
16803	24248	1
16803	25745	3
16803	25911	6
16803	26173	2
16803	26220	1
16803	27499	4
16803	27581	24
16803	27582	4
16803	27803	21
16803	27827	6
16803	27839	13
16803	27873	8
16803	28005	6
16803	29474	28
16803	29587	71
16803	30459	9
16803	30761	67
16803	30771	8
16803	30821	3
16803	30876	63
16803	31136	19
16803	31169	3
16803	31241	9
16803	34610	8
16803	34839	3
16803	34996	1
16803	35106	64
16803	35208	2
16803	35327	8
16803	35375	9
16803	35385	4
16803	38122	6
16803	38247	8
16803	38465	15
16803	39275	3
16803	39938	4
16803	41712	4
16803	41799	1
16803	42520	6
16803	43420	11
16803	43495	6
16803	44979	12
16803	45527	5
16803	45547	8
16803	45930	5
16803	47124	8
16803	47247	9
16803	49374	42
16803	49653	9
16803	51526	3
16803	54712	5
17938	20110	11
17938	20146	4
17938	20177	7
17938	20183	4
17938	20208	6
17938	21967	6
17938	23301	7
17938	24248	6
17938	25745	35
17938	25911	40
17938	26173	23
17938	26220	5
17938	27499	14
17938	27581	103
17938	27582	16
17938	27803	69
17938	27827	9
17938	27839	18
17938	27873	25
17938	28005	18
17938	29209	2
17938	29474	26
17938	29587	56
17938	30459	15
17938	30761	70
17938	30771	3
17938	30821	6
17938	30876	68
17938	31136	17
17938	31169	5
17938	31241	6
17938	34610	2
17938	34839	14
17938	34996	1
17938	35106	242
17938	35208	2
17938	35327	6
17938	35375	6
17938	35385	8
17938	38122	6
17938	38247	11
17938	38465	2
17938	39275	18
17938	39938	3
17938	41712	2
17938	41799	1
17938	42520	13
17938	43420	44
17938	43495	16
17938	43604	16
17938	44979	41
17938	45527	29
17938	45547	9
17938	45930	8
17938	47124	40
17938	47247	48
17938	49374	8
17938	49653	9
17938	51526	2
17938	54712	10
20110	20146	24
20110	20177	173
20110	20183	32
20110	20208	7
20110	21967	11
20110	23301	5
20110	24248	10
20110	25745	3
20110	26173	2
20110	26220	2
20110	27499	6
20110	27581	55
20110	27582	8
20110	27803	116
20110	27827	27
20110	27839	49
20110	27873	58
20110	28005	7
20110	29209	1
20110	29474	49
20110	29587	95
20110	30459	41
20110	30761	97
20110	30771	6
20110	30821	11
20110	30876	117
20110	31136	63
20110	31169	33
20110	31241	51
20110	34610	10
20110	34839	14
20110	34996	9
20110	35106	158
20110	35208	11
20110	35327	26
20110	35375	26
20110	35385	21
20110	38122	4
20110	38247	15
20110	38465	38
20110	39275	7
20110	39938	1
20110	41712	19
20110	41799	4
20110	42520	2
20110	43420	4
20110	43495	1
20110	44979	20
20110	45527	7
20110	45547	2
20110	45930	11
20110	47124	10
20110	47247	13
20110	49653	26
20110	51526	4
20146	20177	15
20146	20183	174
20146	20208	13
20146	21967	6
20146	23301	2
20146	24248	15
20146	25745	2
20146	25911	2
20146	26173	2
20146	26220	1
20146	27499	6
20146	27581	53
20146	27582	7
20146	27803	129
20146	27827	48
20146	27839	85
20146	27873	54
20146	28005	18
20146	29474	30
20146	29587	45
20146	30459	16
20146	30761	111
20146	30771	13
20146	30821	12
20146	30876	100
20146	31136	23
20146	31169	18
20146	31241	16
20146	34610	2
20146	34839	2
20146	34996	51
20146	35106	122
20146	35208	11
20146	35327	20
20146	35375	5
20146	35385	12
20146	38122	14
20146	38247	6
20146	38465	17
20146	39938	2
20146	41712	33
20146	41799	6
20146	42520	3
20146	43420	4
20146	44979	8
20146	45527	1
20146	45547	3
20146	45930	5
20146	47124	4
20146	47247	5
20146	49653	26
20146	51526	8
20146	54712	1
20177	20183	14
20177	20208	9
20177	21967	5
20177	23301	4
20177	24248	1
20177	25745	3
20177	26173	1
20177	27499	1
20177	27581	37
20177	27582	4
20177	27803	62
20177	27827	10
20177	27839	22
20177	27873	31
20177	28005	2
20177	29474	26
20177	29587	44
20177	30459	22
20177	30761	43
20177	30771	7
20177	30821	3
20177	30876	59
20177	31136	36
20177	31169	15
20177	31241	30
20177	34610	5
20177	34839	12
20177	34996	11
20177	35106	92
20177	35208	8
20177	35327	18
20177	35375	24
20177	35385	18
20177	38122	1
20177	38247	6
20177	38465	26
20177	39275	5
20177	41712	8
20177	41799	2
20177	42520	2
20177	43420	2
20177	43495	2
20177	44979	18
20177	45527	8
20177	45547	1
20177	45930	5
20177	47124	5
20177	47247	6
20177	49653	14
20177	51526	3
20177	54712	1
20183	20208	12
20183	21967	4
20183	23301	1
20183	24248	6
20183	25745	1
20183	26173	1
20183	26220	1
20183	27499	4
20183	27581	36
20183	27582	4
20183	27803	95
20183	27827	30
20183	27839	61
20183	27873	48
20183	28005	13
20183	29474	26
20183	29587	36
20183	30459	16
20183	30761	77
20183	30771	14
20183	30821	12
20183	30876	84
20183	31136	21
20183	31169	10
20183	31241	14
20183	34610	2
20183	34839	1
20183	34996	44
20183	35106	92
20183	35208	9
20183	35327	18
20183	35375	3
20183	35385	12
20183	38122	15
20183	38247	7
20183	38465	19
20183	39938	1
20183	41712	27
20183	41799	4
20183	42520	3
20183	43420	4
20183	44979	8
20183	45527	2
20183	45547	3
20183	45930	7
20183	47124	3
20183	47247	4
20183	49653	21
20183	51526	7
20183	54712	1
20208	21967	10
20208	23301	8
20208	24248	8
20208	25745	1
20208	25911	3
20208	26173	3
20208	27499	23
20208	27581	87
20208	27582	24
20208	27803	103
20208	27827	29
20208	27839	68
20208	27873	68
20208	28005	21
20208	29209	7
20208	29474	17
20208	29587	76
20208	30459	14
20208	30761	119
20208	30771	12
20208	30821	23
20208	30876	133
20208	31136	12
20208	31169	7
20208	31241	14
20208	34610	2
20208	34839	1
20208	34996	80
20208	35106	94
20208	35208	10
20208	35327	28
20208	35375	5
20208	35385	19
20208	38122	26
20208	38247	1
20208	38465	31
20208	39275	3
20208	39938	19
20208	41712	20
20208	41799	1
20208	42520	19
20208	43420	3
20208	43495	1
20208	44979	25
20208	45527	1
20208	45547	5
20208	45930	18
20208	47124	9
20208	47247	6
20208	49374	10
20208	49653	8
20208	51526	13
20208	54712	7
21967	24248	5
21967	25745	3
21967	25911	1
21967	26173	3
21967	26220	1
21967	27499	2
21967	27581	15
21967	27582	3
21967	27803	47
21967	27827	13
21967	27839	31
21967	27873	18
21967	28005	7
21967	29209	13
21967	29474	7
21967	29587	24
21967	30459	10
21967	30761	45
21967	30771	6
21967	30821	15
21967	30876	72
21967	31136	19
21967	31169	10
21967	31241	18
21967	34610	2
21967	34839	9
21967	34996	33
21967	35106	51
21967	35208	9
21967	35327	13
21967	35375	11
21967	35385	28
21967	38122	11
21967	38247	2
21967	38465	16
21967	39275	3
21967	39938	5
21967	41712	2
21967	41799	1
21967	42520	3
21967	43420	2
21967	43495	1
21967	43604	1
21967	44979	8
21967	45527	3
21967	45547	5
21967	47124	4
21967	47247	3
21967	49374	2
21967	49653	3
21967	51526	7
21967	54712	3
23301	24248	32
23301	25745	1
23301	26173	13
23301	26220	12
23301	27499	4
23301	27581	55
23301	27582	5
23301	27803	22
23301	27827	5
23301	27839	10
23301	27873	10
23301	28005	11
23301	29209	2
23301	29474	10
23301	29587	17
23301	30459	7
23301	30761	33
23301	30771	1
23301	30821	1
23301	30876	26
23301	31136	18
23301	31169	3
23301	31241	4
23301	34610	5
23301	34839	5
23301	34996	2
23301	35106	55
23301	35327	3
23301	35375	1
23301	35385	2
23301	38247	10
23301	38465	8
23301	39275	1
23301	39938	18
23301	41712	3
23301	41799	7
23301	42520	1
23301	43420	22
23301	43495	13
23301	43604	6
23301	44979	32
23301	45527	6
23301	45547	5
23301	45930	33
23301	49374	2
23301	49653	4
23301	51526	4
23301	54712	9
24248	25745	5
24248	25911	8
24248	26173	3
24248	26220	24
24248	27499	5
24248	27581	63
24248	27582	5
24248	27803	22
24248	27827	26
24248	27839	19
24248	27873	11
24248	28005	14
24248	29209	4
24248	29474	7
24248	29587	15
24248	30459	4
24248	30761	82
24248	30771	1
24248	30821	4
24248	30876	26
24248	31136	11
24248	31169	3
24248	31241	3
24248	34610	1
24248	34839	3
24248	34996	10
24248	35106	56
24248	35208	4
24248	35327	2
24248	35375	4
24248	35385	5
24248	38122	8
24248	38247	6
24248	38465	12
24248	39275	4
24248	39938	52
24248	41712	2
24248	41799	18
24248	42520	1
24248	43420	27
24248	43495	22
24248	43604	4
24248	44979	31
24248	45527	3
24248	45547	3
24248	45930	4
24248	47124	3
24248	47247	3
24248	49374	4
24248	49653	5
24248	54712	42
25745	25911	12
25745	26173	6
25745	26220	4
25745	27499	1
25745	27581	21
25745	27582	2
25745	27803	50
25745	27827	13
25745	27839	29
25745	27873	16
25745	28005	5
25745	29474	11
25745	29587	19
25745	30459	4
25745	30761	31
25745	30771	1
25745	30876	32
25745	31136	12
25745	31241	5
25745	34839	8
25745	34996	16
25745	35106	102
25745	35208	4
25745	35327	4
25745	35375	1
25745	35385	4
25745	38122	5
25745	38247	2
25745	38465	2
25745	39275	7
25745	41799	5
25745	42520	5
25745	43420	28
25745	43495	8
25745	43604	9
25745	44979	13
25745	45527	3
25745	45547	2
25745	47124	8
25745	47247	10
25745	49374	4
25745	49653	3
25745	51526	4
25745	54712	9
25911	26173	7
25911	26220	2
25911	27499	10
25911	27581	75
25911	27582	13
25911	27803	14
25911	27827	4
25911	27839	4
25911	27873	3
25911	28005	12
25911	29209	1
25911	29474	7
25911	29587	17
25911	30459	2
25911	30761	26
25911	30771	4
25911	30821	1
25911	30876	21
25911	31136	4
25911	31169	1
25911	31241	3
25911	34610	1
25911	34839	3
25911	34996	2
25911	35106	46
25911	35327	3
25911	35375	2
25911	35385	3
25911	38122	6
25911	38247	1
25911	38465	2
25911	39938	8
25911	41712	2
25911	41799	1
25911	42520	2
25911	43420	17
25911	43495	9
25911	43604	3
25911	44979	7
25911	45527	5
25911	45930	4
25911	47124	2
25911	47247	4
25911	49374	8
25911	49653	2
25911	54712	4
26173	26220	14
26173	27499	2
26173	27581	42
26173	27582	2
26173	27803	42
26173	27827	6
26173	27839	11
26173	27873	11
26173	28005	9
26173	29209	4
26173	29474	9
26173	29587	18
26173	30459	5
26173	30761	23
26173	30771	1
26173	30876	26
26173	31136	15
26173	31169	2
26173	31241	4
26173	34610	7
26173	34839	15
26173	34996	7
26173	35106	119
26173	35208	2
26173	35327	10
26173	35375	5
26173	35385	3
26173	38122	3
26173	38247	12
26173	38465	5
26173	39275	11
26173	39938	8
26173	41712	3
26173	42520	4
26173	43420	40
26173	43495	41
26173	43604	11
26173	44979	31
26173	45527	12
26173	45547	7
26173	45930	22
26173	47124	19
26173	47247	23
26173	49374	3
26173	49653	5
26173	51526	6
26173	54712	6
26220	27581	10
26220	27803	8
26220	27827	1
26220	27839	2
26220	27873	3
26220	28005	8
26220	29209	2
26220	29474	6
26220	29587	8
26220	30459	1
26220	30761	20
26220	30771	2
26220	30821	2
26220	30876	12
26220	31136	10
26220	31169	3
26220	31241	4
26220	34610	3
26220	34839	1
26220	34996	3
26220	35106	50
26220	35208	1
26220	35327	8
26220	35375	1
26220	35385	1
26220	38122	4
26220	38247	10
26220	38465	14
26220	39275	3
26220	39938	18
26220	41712	1
26220	41799	4
26220	43420	30
26220	43495	21
26220	43604	8
26220	44979	11
26220	45527	10
26220	45547	5
26220	45930	12
26220	47124	2
26220	47247	1
26220	49374	7
26220	49653	3
26220	51526	3
26220	54712	10
27499	27581	155
27499	27582	212
27499	27803	54
27499	27827	30
27499	27839	34
27499	27873	18
27499	28005	1
27499	29209	2
27499	29474	16
27499	29587	31
27499	30459	6
27499	30761	56
27499	30771	6
27499	30821	2
27499	30876	59
27499	31136	6
27499	31169	1
27499	31241	4
27499	34610	2
27499	34839	6
27499	34996	22
27499	35106	104
27499	35208	3
27499	35327	11
27499	35375	4
27499	35385	6
27499	38122	4
27499	38247	6
27499	38465	6
27499	39275	3
27499	39938	10
27499	41712	7
27499	42520	2
27499	43420	12
27499	43495	3
27499	43604	1
27499	44979	24
27499	45527	3
27499	45547	4
27499	45930	9
27499	47124	5
27499	47247	7
27499	49374	2
27499	49653	8
27499	51526	2
27499	54712	6
27581	27582	168
27581	27803	377
27581	27827	112
27581	27839	200
27581	27873	175
27581	28005	309
27581	29209	8
27581	29474	126
27581	29587	262
27581	30459	82
27581	30761	372
27581	30771	43
27581	30821	18
27581	30876	344
27581	31136	113
27581	31169	25
27581	31241	59
27581	34610	13
27581	34839	63
27581	34996	64
27581	35106	734
27581	35208	41
27581	35327	57
27581	35375	28
27581	35385	35
27581	38122	46
27581	38247	56
27581	38465	16
27581	39275	23
27581	39938	65
27581	41712	39
27581	41799	11
27581	42520	27
27581	43420	76
27581	43495	24
27581	43604	15
27581	44979	179
27581	45527	57
27581	45547	40
27581	45930	72
27581	47124	65
27581	47247	69
27581	49374	16
27581	49653	62
27581	51526	33
27581	54712	38
27582	27803	64
27582	27827	31
27582	27839	40
27582	27873	20
27582	28005	6
27582	29209	2
27582	29474	15
27582	29587	32
27582	30459	6
27582	30761	67
27582	30771	6
27582	30821	2
27582	30876	59
27582	31136	8
27582	31169	2
27582	31241	6
27582	34610	3
27582	34839	6
27582	34996	22
27582	35106	110
27582	35208	3
27582	35327	12
27582	35375	7
27582	35385	6
27582	38122	3
27582	38247	6
27582	38465	7
27582	39275	3
27582	39938	13
27582	41712	7
27582	42520	2
27582	43420	12
27582	43495	3
27582	43604	1
27582	44979	42
27582	45527	2
27582	45547	4
27582	45930	10
27582	47124	8
27582	47247	8
27582	49374	2
27582	49653	8
27582	51526	4
27582	54712	7
27803	27827	327
27803	27839	774
27803	27873	654
27803	28005	80
27803	29209	10
27803	29474	205
27803	29587	437
27803	30459	124
27803	30761	553
27803	30771	72
27803	30821	42
27803	30876	593
27803	31136	116
27803	31169	24
27803	31241	39
27803	34610	15
27803	34839	51
27803	34996	372
27803	35106	1009
27803	35208	96
27803	35327	176
27803	35375	44
27803	35385	79
27803	38122	75
27803	38247	56
27803	38465	25
27803	39275	23
27803	39938	17
27803	41712	88
27803	41799	2
27803	42520	45
27803	43420	37
27803	43495	9
27803	43604	2
27803	44979	102
27803	45527	27
27803	45547	29
27803	45930	46
27803	47124	43
27803	47247	47
27803	49374	2
27803	49653	105
27803	51526	53
27803	54712	13
27827	27839	377
27827	27873	83
27827	28005	11
27827	29209	3
27827	29474	51
27827	29587	104
27827	30459	34
27827	30761	188
27827	30771	14
27827	30821	12
27827	30876	164
27827	31136	19
27827	31169	3
27827	31241	8
27827	34610	6
27827	34839	20
27827	34996	139
27827	35106	255
27827	35208	21
27827	35327	47
27827	35375	14
27827	35385	20
27827	38122	16
27827	38247	14
27827	38465	13
27827	39275	7
27827	39938	2
27827	41712	32
27827	41799	3
27827	42520	8
27827	43420	5
27827	43495	2
27827	44979	28
27827	45547	7
27827	45930	9
27827	47124	11
27827	47247	8
27827	49374	1
27827	49653	26
27827	51526	9
27827	54712	6
27839	27873	274
27839	28005	43
27839	29209	7
27839	29474	101
27839	29587	238
27839	30459	69
27839	30761	327
27839	30771	35
27839	30821	22
27839	30876	363
27839	31136	31
27839	31169	4
27839	31241	10
27839	34610	7
27839	34839	33
27839	34996	290
27839	35106	538
27839	35208	57
27839	35327	97
27839	35375	23
27839	35385	39
27839	38122	38
27839	38247	31
27839	38465	24
27839	39275	9
27839	39938	6
27839	41712	64
27839	41799	2
27839	42520	17
27839	43420	10
27839	43495	3
27839	44979	47
27839	45527	4
27839	45547	18
27839	45930	20
27839	47124	17
27839	47247	19
27839	49374	1
27839	49653	62
27839	51526	25
27839	54712	5
27873	28005	40
27873	29209	4
27873	29474	95
27873	29587	179
27873	30459	50
27873	30761	227
27873	30771	33
27873	30821	18
27873	30876	259
27873	31136	49
27873	31169	15
27873	31241	23
27873	34610	5
27873	34839	9
27873	34996	190
27873	35106	376
27873	35208	32
27873	35327	73
27873	35375	18
27873	35385	35
27873	38122	26
27873	38247	22
27873	38465	6
27873	39275	9
27873	39938	12
27873	41712	39
27873	41799	1
27873	42520	15
27873	43420	13
27873	43495	1
27873	43604	2
27873	44979	51
27873	45527	14
27873	45547	13
27873	45930	17
27873	47124	22
27873	47247	25
27873	49653	47
27873	51526	20
27873	54712	3
28005	29209	3
28005	29474	19
28005	29587	50
28005	30459	19
28005	30761	104
28005	30771	3
28005	30821	3
28005	30876	82
28005	31136	32
28005	31169	9
28005	31241	17
28005	34610	3
28005	34839	14
28005	34996	19
28005	35106	148
28005	35208	10
28005	35327	12
28005	35375	5
28005	35385	9
28005	38122	10
28005	38247	7
28005	38465	6
28005	39275	4
28005	39938	23
28005	41712	8
28005	41799	3
28005	42520	6
28005	43420	16
28005	43495	3
28005	43604	2
28005	44979	63
28005	45527	9
28005	45547	9
28005	45930	14
28005	47124	11
28005	47247	10
28005	49374	5
28005	49653	14
28005	51526	15
28005	54712	15
29209	29474	2
29209	29587	18
29209	30459	2
29209	30761	27
29209	30821	1
29209	30876	28
29209	31136	15
29209	31169	6
29209	31241	13
29209	34610	37
29209	34839	2
29209	34996	11
29209	35106	41
29209	35208	4
29209	35327	6
29209	35385	5
29209	38122	9
29209	38247	4
29209	38465	29
29209	39275	3
29209	39938	4
29209	41799	2
29209	42520	6
29209	43420	12
29209	43495	4
29209	43604	3
29209	44979	9
29209	45527	1
29209	45547	1
29209	45930	2
29209	47124	1
29209	47247	2
29209	49374	8
29209	49653	1
29209	51526	8
29209	54712	9
29474	29587	290
29474	30459	40
29474	30761	414
29474	30771	132
29474	30821	26
29474	30876	358
29474	31136	100
29474	31169	29
29474	31241	43
29474	34610	72
29474	34839	14
29474	34996	3
29474	35106	333
29474	35208	23
29474	35327	51
29474	35375	28
29474	35385	24
29474	38122	34
29474	38247	35
29474	38465	41
29474	39275	11
29474	39938	6
29474	41712	32
29474	41799	7
29474	42520	55
29474	43420	29
29474	43495	5
29474	43604	5
29474	44979	43
29474	45527	19
29474	45547	15
29474	45930	29
29474	47124	25
29474	47247	30
29474	49374	1
29474	49653	69
29474	51526	27
29474	54712	5
29587	30459	119
29587	30761	512
29587	30771	71
29587	30821	39
29587	30876	614
29587	31136	177
29587	31169	67
29587	31241	102
29587	34610	41
29587	34839	39
29587	34996	6
29587	35106	593
29587	35208	54
29587	35327	94
29587	35375	53
29587	35385	55
29587	38122	74
29587	38247	45
29587	38465	63
29587	39275	20
29587	39938	24
29587	41712	80
29587	41799	10
29587	42520	62
29587	43420	37
29587	43495	11
29587	43604	5
29587	44979	75
29587	45527	39
29587	45547	29
29587	45930	57
29587	47124	45
29587	47247	51
29587	49374	34
29587	49653	169
29587	51526	42
29587	54712	9
30459	30761	61
30459	30771	12
30459	30821	3
30459	30876	76
30459	31136	42
30459	31169	14
30459	31241	17
30459	34610	14
30459	34839	27
30459	34996	18
30459	35106	174
30459	35208	18
30459	35327	26
30459	35375	7
30459	35385	32
30459	38122	15
30459	38247	16
30459	38465	18
30459	39275	6
30459	39938	2
30459	41712	17
30459	41799	4
30459	42520	4
30459	43420	9
30459	43495	1
30459	43604	1
30459	44979	15
30459	45527	5
30459	45547	5
30459	45930	13
30459	47124	14
30459	47247	12
30459	49653	22
30459	51526	11
30459	54712	5
30761	30771	171
30761	30821	132
30761	30876	1942
30761	31136	278
30761	31169	147
30761	31241	194
30761	34610	62
30761	34839	42
30761	34996	165
30761	35106	829
30761	35208	80
30761	35327	138
30761	35375	68
30761	35385	99
30761	38122	77
30761	38247	89
30761	38465	194
30761	39275	30
30761	39938	42
30761	41712	190
30761	41799	43
30761	42520	42
30761	43420	66
30761	43495	19
30761	43604	15
30761	44979	153
30761	45527	43
30761	45547	38
30761	45930	60
30761	47124	79
30761	47247	80
30761	49374	12
30761	49653	176
30761	51526	107
30761	54712	41
30771	30821	10
30771	30876	158
30771	31136	36
30771	31169	19
30771	31241	25
30771	34610	4
30771	34839	3
30771	34996	17
30771	35106	98
30771	35208	9
30771	35327	16
30771	35375	7
30771	35385	11
30771	38122	17
30771	38247	11
30771	38465	22
30771	39275	6
30771	39938	2
30771	41712	50
30771	41799	1
30771	42520	6
30771	43420	4
30771	43495	1
30771	43604	1
30771	44979	8
30771	45527	4
30771	45547	6
30771	45930	6
30771	47124	6
30771	47247	7
30771	49653	36
30771	51526	10
30821	30876	131
30821	31136	39
30821	31169	23
30821	31241	27
30821	34610	7
30821	34839	1
30821	34996	23
30821	35106	54
30821	35208	10
30821	35327	10
30821	35375	6
30821	35385	13
30821	38122	11
30821	38247	5
30821	38465	17
30821	39275	2
30821	41712	21
30821	41799	4
30821	42520	3
30821	43420	5
30821	43495	2
30821	44979	6
30821	45527	5
30821	45547	4
30821	45930	7
30821	47124	5
30821	47247	4
30821	49653	26
30821	51526	7
30821	54712	1
30876	31136	292
30876	31169	151
30876	31241	222
30876	34610	67
30876	34839	44
30876	34996	213
30876	35106	837
30876	35208	81
30876	35327	152
30876	35375	69
30876	35385	111
30876	38122	89
30876	38247	90
30876	38465	215
30876	39275	30
30876	39938	31
30876	41712	215
30876	41799	35
30876	42520	50
30876	43420	65
30876	43495	15
30876	43604	16
30876	44979	126
30876	45527	40
30876	45547	38
30876	45930	63
30876	47124	69
30876	47247	80
30876	49374	16
30876	49653	225
30876	51526	106
30876	54712	28
31136	31169	209
31136	31241	468
31136	34610	24
31136	34839	22
31136	34996	16
31136	35106	331
31136	35208	15
31136	35327	32
31136	35375	24
31136	35385	32
31136	38122	20
31136	38247	53
31136	38465	74
31136	39275	9
31136	39938	10
31136	41712	46
31136	41799	112
31136	42520	13
31136	43420	57
31136	43495	18
31136	43604	6
31136	44979	61
31136	45527	29
31136	45547	22
31136	45930	31
31136	47124	7
31136	47247	8
31136	49374	11
31136	49653	51
31136	51526	29
31136	54712	21
31169	31241	225
31169	34610	5
31169	34839	6
31169	34996	3
31169	35106	68
31169	35208	4
31169	35327	7
31169	35375	9
31169	35385	17
31169	38122	8
31169	38247	5
31169	38465	9
31169	39275	4
31169	41712	31
31169	41799	7
31169	42520	4
31169	43420	11
31169	43495	1
31169	43604	1
31169	44979	16
31169	45527	7
31169	45547	6
31169	45930	8
31169	47124	1
31169	47247	1
31169	49653	17
31169	51526	8
31169	54712	1
31241	34610	10
31241	34839	12
31241	34996	15
31241	35106	156
31241	35208	11
31241	35327	15
31241	35375	21
31241	35385	24
31241	38122	15
31241	38247	30
31241	38465	52
31241	39275	5
31241	39938	5
31241	41712	39
31241	41799	38
31241	42520	9
31241	43420	17
31241	43495	7
31241	43604	1
31241	44979	36
31241	45527	18
31241	45547	8
31241	45930	18
31241	47124	2
31241	47247	3
31241	49374	4
31241	49653	37
31241	51526	15
31241	54712	11
34610	34839	4
34610	34996	2
34610	35106	51
34610	35208	1
34610	35327	5
34610	35375	4
34610	35385	6
34610	38122	8
34610	38247	4
34610	38465	34
34610	39275	1
34610	39938	3
34610	41712	5
34610	41799	1
34610	42520	7
34610	43420	7
34610	43495	3
34610	43604	1
34610	44979	4
34610	45527	4
34610	45547	3
34610	45930	6
34610	49374	4
34610	49653	7
34610	51526	7
34610	54712	3
34839	35106	168
34839	35208	12
34839	35327	25
34839	35375	13
34839	35385	17
34839	38122	8
34839	38247	5
34839	38465	3
34839	39275	9
34839	39938	2
34839	41712	1
34839	41799	1
34839	42520	2
34839	43420	7
34839	43495	2
34839	44979	18
34839	45527	13
34839	45547	7
34839	45930	8
34839	47124	13
34839	47247	14
34839	49374	1
34839	49653	6
34839	51526	6
34839	54712	3
34996	35106	176
34996	35208	48
34996	35327	75
34996	35375	8
34996	35385	53
34996	38122	31
34996	38247	1
34996	38465	80
34996	39275	13
34996	39938	5
34996	41712	47
34996	41799	2
34996	42520	16
34996	43420	15
34996	43495	4
34996	43604	4
34996	44979	27
34996	45527	1
34996	45547	15
34996	45930	2
34996	47124	11
34996	47247	10
34996	49374	1
34996	49653	27
34996	51526	32
34996	54712	8
35106	35208	112
35106	35327	482
35106	35375	96
35106	35385	122
35106	38122	103
35106	38247	193
35106	38465	131
35106	39275	137
35106	39938	74
35106	41712	110
35106	41799	27
35106	42520	100
35106	43420	260
35106	43495	72
35106	43604	54
35106	44979	326
35106	45527	150
35106	45547	79
35106	45930	140
35106	47124	160
35106	47247	192
35106	49374	46
35106	49653	150
35106	51526	99
35106	54712	72
35208	35327	38
35208	35375	3
35208	35385	9
35208	38122	7
35208	38247	4
35208	38465	4
35208	39275	1
35208	39938	1
35208	41712	13
35208	42520	5
35208	43420	4
35208	43495	1
35208	43604	1
35208	44979	2
35208	45527	1
35208	45547	5
35208	45930	7
35208	47124	1
35208	47247	1
35208	49374	1
35208	49653	14
35208	51526	10
35208	54712	3
35327	35375	11
35327	35385	24
35327	38122	17
35327	38247	24
35327	38465	18
35327	39275	12
35327	39938	5
35327	41712	23
35327	41799	4
35327	42520	20
35327	43420	23
35327	43495	3
35327	43604	4
35327	44979	29
35327	45527	13
35327	45547	11
35327	45930	15
35327	47124	3
35327	47247	3
35327	49374	14
35327	49653	21
35327	51526	26
35327	54712	6
35375	35385	112
35375	38122	2
35375	38247	4
35375	38465	9
35375	39275	2
35375	39938	1
35375	41712	12
35375	42520	9
35375	43420	6
35375	43495	1
35375	43604	1
35375	44979	12
35375	45527	7
35375	45547	6
35375	45930	6
35375	47124	13
35375	47247	12
35375	49374	1
35375	49653	18
35375	51526	7
35375	54712	3
35385	38122	11
35385	38247	2
35385	38465	33
35385	39275	1
35385	39938	1
35385	41712	17
35385	41799	2
35385	42520	8
35385	43420	6
35385	43604	2
35385	44979	11
35385	45527	6
35385	45547	6
35385	45930	7
35385	47124	9
35385	47247	8
35385	49653	14
35385	51526	14
35385	54712	4
38122	38247	6
38122	38465	18
38122	39275	6
38122	39938	4
38122	41712	14
38122	41799	3
38122	42520	6
38122	43420	8
38122	43495	3
38122	43604	1
38122	44979	11
38122	45527	6
38122	45547	5
38122	45930	7
38122	47124	3
38122	47247	4
38122	49374	1
38122	49653	16
38122	51526	7
38122	54712	4
38247	38465	22
38247	39275	9
38247	39938	13
38247	41712	10
38247	41799	6
38247	42520	1
38247	43420	17
38247	43495	9
38247	43604	4
38247	44979	29
38247	45527	14
38247	45547	7
38247	45930	26
38247	47124	11
38247	47247	11
38247	49374	9
38247	49653	14
38247	51526	8
38247	54712	17
38465	39275	11
38465	39938	9
38465	41712	53
38465	41799	14
38465	42520	5
38465	43420	16
38465	43495	10
38465	43604	4
38465	44979	29
38465	45527	5
38465	45547	7
38465	45930	20
38465	47124	3
38465	47247	3
38465	49374	15
38465	49653	37
38465	51526	32
38465	54712	15
39275	39938	3
39275	41712	3
39275	42520	4
39275	43420	13
39275	43495	4
39275	43604	3
39275	44979	20
39275	45527	3
39275	45547	3
39275	45930	5
39275	47124	64
39275	47247	76
39275	49653	8
39275	51526	3
39275	54712	6
39938	41799	3
39938	42520	1
39938	43420	22
39938	43495	9
39938	43604	6
39938	44979	140
39938	45527	7
39938	45547	9
39938	45930	18
39938	47124	7
39938	47247	5
39938	49374	8
39938	49653	3
39938	51526	3
39938	54712	15
41712	41799	7
41712	42520	1
41712	43420	4
41712	44979	18
41712	45527	1
41712	45547	5
41712	45930	6
41712	47124	3
41712	47247	2
41712	49653	85
41712	51526	11
41712	54712	2
41799	42520	1
41799	43420	7
41799	43495	5
41799	43604	1
41799	44979	12
41799	45930	5
41799	49653	6
41799	51526	2
41799	54712	6
42520	43420	10
42520	43495	2
42520	43604	2
42520	44979	20
42520	45527	3
42520	45547	3
42520	45930	2
42520	47124	11
42520	47247	12
42520	49374	2
42520	49653	3
42520	51526	6
42520	54712	2
43420	43495	156
43420	43604	207
43420	44979	62
43420	45527	43
43420	45547	9
43420	45930	23
43420	47124	17
43420	47247	16
43420	49374	14
43420	49653	10
43420	51526	8
43420	54712	30
43495	43604	41
43495	44979	25
43495	45527	17
43495	45547	2
43495	45930	7
43495	47124	3
43495	47247	4
43495	49374	9
43495	49653	1
43495	51526	3
43495	54712	16
43604	44979	13
43604	45527	3
43604	45547	1
43604	45930	1
43604	47124	5
43604	47247	5
43604	49653	3
43604	54712	7
44979	45527	58
44979	45547	22
44979	45930	42
44979	47124	32
44979	47247	33
44979	49374	8
44979	49653	14
44979	51526	5
44979	54712	38
45527	45547	51
45527	45930	6
45527	47124	8
45527	47247	9
45527	49374	7
45527	49653	6
45527	51526	12
45527	54712	5
45547	45930	6
45547	47124	4
45547	47247	4
45547	49653	8
45547	51526	9
45547	54712	3
45930	47124	9
45930	47247	8
45930	49374	4
45930	49653	12
45930	51526	6
45930	54712	8
47124	47247	344
47124	49374	3
47124	49653	9
47124	51526	4
47124	54712	7
47247	49374	2
47247	49653	9
47247	51526	4
47247	54712	4
49374	49653	2
49374	54712	3
49653	51526	21
49653	54712	2
51526	54712	3
