id	label	x	y	cluster	weight<Links>	weight<Total link strength>	weight<Occurrences>	score<Avg. pub. year>	score<Avg. citations>	score<Avg. norm. citations>
27	0	-0.3196	-0.1652	5	300	1289	154	2021.5455	19.7922	2.1074
126	3gpp	0.4027	0.3639	3	68	93	10	2020.2	67.3	3.8618
146	5g	0.4348	0.3884	3	210	550	85	2020.6	26.3176	1.6901
158	5g mobile communication	0.4654	0.3937	3	162	310	33	2021	18.4545	1.6551
192	6g	0.4775	0.383	3	95	170	18	2022	48.0556	4.4743
194	6g mobile communication	0.4831	0.3574	3	82	119	10	2021.9	12.5	1.3156
199	6lowpan	0.4576	0.8161	3	49	96	13	2019.2308	57.2308	3.116
280	ac	0.9086	-0.3627	2	63	102	14	2019.8571	26.5714	1.7457
309	acceptance	-1.0634	-0.3378	1	106	215	36	2019.9444	21.5278	1.4404
313	access	-0.2111	0.0732	3	116	184	28	2019.8571	28.3214	1.6699
314	access control	0.0015	0.2054	3	183	451	107	2018.7196	11.8037	0.8666
334	access-control	0.342	0.7282	3	197	507	59	2019.678	34.1695	2.3881
363	accuracy	-0.4324	0.8859	4	62	95	22	2020.2727	10.2727	0.7419
452	activity recognition	-0.7489	0.0742	1	72	101	12	2019.9167	37.9167	3.1478
481	actuators	0.8967	-0.1257	2	155	349	46	2020.8913	16.7826	1.5622
490	ad hoc networks	0.5214	0.4509	3	68	95	11	2018.7273	43.7273	2.2386
505	adaptation models	0.7355	0.0397	2	120	172	22	2021.6818	11.1364	1.2116
525	adaptive cruise control	0.8578	0.0098	2	54	90	16	2019.5	16.0625	0.9963
607	additive manufacturing	-0.4695	-0.0894	5	75	167	42	2019.619	24.5238	1.8972
644	adoption	-1.0546	-0.3482	1	169	392	58	2019.8621	31.4828	1.8623
689	advanced metering infrastructure	0.6941	-0.4728	2	170	455	63	2018.7302	31.8254	1.7208
690	advanced metering infrastructure (ami)	0.845	0.369	3	66	110	21	2017.4286	47.5238	2.2645
696	advanced persistent threat	-0.4717	0.3485	4	111	215	54	2019.0556	18.8704	1.1402
702	advanced persistent threats	-0.1156	0.1028	5	121	210	41	2019.3171	17.9024	1.1482
725	adversarial attacks	-0.0692	0.8494	4	110	196	35	2021.4571	19.8286	1.9658
741	adversarial examples	-0.3441	0.8048	4	54	91	16	2021	48.1875	2.9824
747	adversarial machine learning	-0.3729	0.8525	4	113	260	59	2020.661	21.5932	1.5462
857	age	-1.0301	-0.1648	1	53	73	18	2020.3889	11.4444	0.757
908	aggregation	0.6801	0.5754	3	62	91	19	2016.8947	33.3158	1.4644
948	agriculture	-0.5951	0.3762	3	58	87	14	2021.0714	13.6429	1.1158
959	ahp	-0.4653	-0.5686	1	65	111	21	2019.8095	9.1905	0.75
1068	alert correlation	-0.49	0.7729	4	40	70	22	2016.9545	24.9545	1.2447
1095	algorithm	0.3159	0.2306	4	466	1788	294	2020.415	24.2143	1.6741
1105	algorithms	0.1954	0.1778	4	240	531	95	2019.4947	28.6947	1.9463
1116	allocation	-0.0646	-0.0027	3	91	137	22	2020	25.0909	1.8658
1160	ami	0.2869	-0.5363	5	64	102	17	2017.7059	29.0588	1.1142
1224	analytical models	0.4813	-0.2099	2	210	483	56	2021.1429	16.1429	1.5798
1226	analytics	-0.7302	0.3655	1	171	376	54	2019.8889	21.6111	1.7146
1277	android	-0.4113	0.6953	4	59	112	39	2018.7436	11.359	0.6653
1301	android malware detection	-0.4441	0.9436	4	55	94	22	2020.2273	44.6818	2.5391
1332	announcements	-0.9117	-0.5328	1	37	89	15	2020	12.8	0.8031
1340	anomaly	-0.0068	0.0695	4	68	102	20	2019.55	19.85	1.1542
1352	anomaly detection	-0.093	0.7234	4	557	3507	705	2019.9135	19.9872	1.3674
1399	anonymity	-0.426	0.2909	3	118	243	42	2018.1429	24.5714	1.2463
1582	applications	0.0004	-0.0548	3	78	122	15	2019	196.5333	9.3961
1626	apt	-0.4933	0.3333	4	51	88	25	2018.72	37.44	1.8442
1667	architecture	0.0913	0.1909	3	453	1928	263	2019.8631	44.1255	2.5158
1678	architectures	-0.0183	0.0004	3	99	156	19	2020.4737	76.6842	3.5835
1766	artificial intelligence	-0.3767	0.3063	4	595	2980	503	2020.9702	17.0636	1.6097
1791	artificial neural network	-0.2241	0.7515	4	86	126	23	2020.4348	12.8261	0.9839
1797	artificial neural networks	0.7026	0.2228	4	107	169	30	2020.2	13.0667	1.0823
1808	artificial-intelligence	-0.668	0.0559	1	240	591	70	2021.5714	31.7143	3.4532
1840	assessment	-0.8062	-0.5186	1	66	100	24	2019.4167	6.5417	0.6305
1892	assurance	-0.8178	-0.4981	1	54	90	21	2019.9048	5.2857	0.3616
1953	attack	0.1789	0.0527	4	755	5429	882	2019.8367	24.5862	1.6395
1986	attack detection	0.8791	0.15	2	384	1361	213	2020.6197	24.9437	1.9713
2013	attack graph	-0.1088	-0.487	5	140	328	100	2018.31	12.54	0.7089
2109	attack tree	-0.0014	-0.5472	5	61	112	28	2017	23.8214	1.0551
2110	attack trees	-0.1039	-0.4876	5	47	73	26	2019.1538	10.8462	0.6387
2189	attention	-0.8134	-0.108	1	63	86	20	2020.45	12.35	0.8306
2209	attitudes	-1.0628	-0.2632	1	69	122	25	2020.08	11.92	0.7589
2233	attribution	-0.8813	-0.3007	1	47	75	26	2017.9231	21.2692	1.0043
2274	augmented reality	-0.7236	-0.0521	1	102	224	31	2020.7419	11.9677	1.368
2282	australia	-0.2342	-0.0083	1	87	120	18	2021.1111	39.3333	2.6336
2296	authentication	0.3576	0.4448	3	508	2699	442	2019.7692	17.5385	1.2906
2307	authentication protocol	0.3979	0.6543	3	77	131	17	2021.2353	20	1.85
2309	authentication scheme	0.5349	0.6201	3	147	309	38	2020.1316	29.3684	1.9148
2325	authorization	0.0836	0.3409	3	84	155	23	2018.8261	9.8261	0.7662
2354	autoencoder	-0.2078	1.02	4	111	291	56	2020.8929	12.6786	1.1617
2360	automata	0.6025	-0.177	2	66	131	19	2020.1579	16.2105	1.0134
2438	automatic generation control	0.9488	-0.3732	2	67	96	16	2018.5625	41.5625	2.0472
2462	automation	-0.131	-0.3041	5	249	512	82	2019.939	13.8659	0.9289
2479	automobiles	0.2369	0.4904	3	117	222	22	2021	14.8636	1.5096
2480	automotive	0.0405	0.2042	5	76	173	57	2019.2982	9.386	0.5501
2495	automotive engineering	0.1074	0.5097	4	97	203	25	2021.24	10.4	0.8243
2512	automotive security	0.1031	0.5167	4	50	89	25	2020.32	8.36	0.6551
2580	autonomous systems	0.1332	0.0331	3	76	118	26	2018.7308	5.8462	0.3643
2590	autonomous vehicle	-0.2681	0.4667	4	50	87	22	2019.5	26.8636	1.3929
2596	autonomous vehicles	0.2157	0.3981	3	182	416	72	2020.4583	17.0417	1.2977
2606	autonomy	-0.6481	-0.2884	1	63	82	19	2018.7895	7.7895	0.4347
2619	availability	0.1228	-0.4725	5	120	240	49	2018.9388	20.898	1.106
2659	awareness	-1.1172	-0.3236	1	241	845	168	2019.5774	12.1429	0.7984
2728	bad data detection	1.1049	-0.4666	2	59	121	23	2017.6087	40.2174	1.6695
2807	barriers	-0.7498	-0.5879	1	67	140	20	2021.6	18	1.9901
2841	batteries	0.6691	-0.2979	2	107	145	15	2021.3333	25.6	2.3273
2901	bayesian network	-0.1671	-0.6123	5	87	158	37	2019.027	14.973	0.8488
2904	bayesian networks	-0.2263	-0.6179	5	61	94	19	2018.3158	22.1579	1.1236
2950	behavior	-1.0833	-0.2835	1	306	909	166	2019.8072	20.4759	1.2851
3012	behavioral sciences	0.1491	0.3585	4	122	187	23	2022.3913	2.8261	0.6441
3020	behaviors	-1.1257	-0.2993	1	106	238	42	2019.8095	11.0238	0.7214
3137	bibliographies	-0.5027	-0.2461	1	67	108	11	2021.7273	13.3636	2.0057
3163	big data	-0.4806	0.1974	1	493	2506	392	2019.4694	32.0459	2.0824
3166	big data analytics	-0.4035	-0.0105	1	207	414	60	2019.7167	39.3833	2.9026
3221	bim	-0.3438	-0.0007	1	52	110	19	2020.2632	37.8947	2.7892
3305	biological system modeling	0.5507	-0.2541	2	111	173	20	2021.6	10.15	1.1506
3340	biometrics	-0.5899	0.3906	1	72	109	29	2018.5172	27.6552	1.3792
3378	bitcoin	-0.4474	0.1545	3	135	276	47	2020.1489	38.0213	2.4314
3454	blockchain	-0.1305	0.2801	3	560	4183	709	2020.6982	23.7574	1.8461
3487	blockchain technology	-0.2623	0.0489	3	160	329	56	2021.4464	23.8214	2.3619
3495	blockchains	0.2053	0.6176	3	209	507	50	2021.68	14.34	2.1056
3521	bluetooth	0.4478	0.7497	3	60	91	17	2019.7647	17.7647	1.025
3602	botnet	-0.1564	0.9202	4	226	757	151	2018.8543	21.9007	1.4852
3612	botnet detection	-0.1934	1.0408	4	98	201	50	2018.76	19.62	1.5225
3803	buildings	-0.3659	0.0019	1	85	99	11	2021.0909	18.1818	1.5899
3835	business	-0.8888	-0.4603	1	138	262	37	2020.4595	20.9189	1.6242
3965	can bus	0.0894	0.5333	4	61	110	28	2019.75	21.0357	1.3371
4005	capacity	0.2148	-0.2107	3	72	105	24	2019.5833	13.875	0.8075
4078	care	-0.8654	-0.0561	1	123	236	45	2020.0667	18.3556	1.1967
4111	cascading failures	0.8298	-0.5372	2	102	194	32	2019.4375	17.1562	1.0553
4117	case study	-0.6331	-0.4254	1	91	131	30	2019.4333	10.5333	0.7707
4254	certification	-0.703	-0.4194	1	75	118	26	2019.8077	7.1923	0.4687
4296	challenges	-0.1507	0.1317	3	704	4980	645	2020.4047	30.5721	2.0755
4315	channel	0.636	0.2688	3	72	94	12	2019.25	17.0833	1.1798
4334	chaos	0.3478	0.1704	3	42	84	19	2020.3158	9.6316	0.8664
4445	china	-0.9024	-0.2868	1	86	168	52	2018.8462	15.5385	0.8978
4545	cities	-0.4844	-0.0057	1	127	257	32	2020.625	17.1562	1.4159
4557	city	-0.5736	0.0807	1	83	184	22	2021.3182	15.5455	1.7724
4584	class imbalance	-0.2582	1.0154	4	37	72	22	2020.9545	12.7727	1.0298
4594	classification	-0.3916	0.7305	4	440	1808	340	2019.9324	28.0353	1.7381
4598	classification algorithms	-0.1889	0.7634	4	131	259	31	2021.0968	12.7097	1.0512
4613	classifier	-0.4194	0.9389	4	90	185	37	2020.4054	16.8649	1.6297
4621	classifiers	-0.3885	0.8566	4	76	126	20	2020.05	69.95	3.8847
4646	climate-change	-0.5298	-0.4229	1	64	83	12	2020.3333	50.5833	4.0939
4686	closed loop systems	0.9883	-0.2463	2	63	89	12	2020.8333	9.3333	0.7934
4702	cloud	0.0162	0.2882	3	356	1377	200	2019.74	28.26	1.7521
4716	cloud computing	0.2031	0.5209	3	454	2155	366	2019.0301	24.4508	1.5552
4767	cloud security	0.3525	0.5903	3	68	114	41	2019.1463	9.2195	0.6283
4837	clustering	-0.2783	0.7547	4	137	265	71	2018.8169	21.9296	1.207
4862	cnn	-0.3736	0.826	4	113	241	49	2020.9592	12.6735	1.0379
4889	co-simulation	0.7888	-0.6092	2	75	122	23	2020.0435	7.913	0.5202
4943	codes	0.0119	0.4939	4	72	94	14	2021.8571	7.8571	0.9553
4963	cognition	-0.9392	-0.1254	1	73	106	20	2018.8	10.45	0.7594
5060	collaboration	-0.6598	-0.2389	1	165	290	42	2019.2143	14.6667	1.2095
5123	collaborative work	0.2469	0.9893	3	64	133	14	2022.1429	24.4286	3.7175
5256	communication	0.4946	0.0703	3	521	1822	256	2019.7383	29.3125	1.8231
5297	communication networks	0.8983	-0.2224	2	191	344	44	2020.4773	17.0909	1.4041
5315	communication system security	0.6103	0.279	3	131	251	34	2019.2647	14.4706	0.9746
5317	communication technologies	0.1352	-0.2307	3	95	150	21	2018.5238	27.6667	1.8906
5357	companies	-0.3393	-0.2	1	169	278	30	2021.2333	13.3667	1.4551
5393	competition	-0.8722	-0.3476	1	67	94	20	2019.9	11.65	0.757
5432	complex networks	1.0174	-0.2604	2	91	135	28	2018.8929	17	1.054
5447	complexity	-0.524	-0.1541	1	92	120	28	2018.8214	7.4643	0.5439
5451	compliance	-1.0199	-0.4159	1	76	124	26	2019.3462	10.6923	0.6321
5526	computation	0.1785	0.2372	3	70	99	20	2019.9	30.55	1.7964
5544	computational intelligence	-0.6976	0.2085	1	83	114	15	2018.2667	45.4667	2.4579
5546	computational modeling	0.3854	0.2153	4	323	869	99	2021.4646	11.6263	1.3811
5559	computer	-0.8037	-0.1797	1	87	125	22	2019.4091	12.1818	0.877
5566	computer architecture	0.2072	0.5676	3	280	741	79	2020.9873	24.2405	2.0408
5576	computer crime	0.1939	-0.0366	4	490	1743	193	2021.0259	12.886	1.5036
5592	computer hacking	-0.1712	0.424	4	120	187	27	2019.8148	11.1852	0.8734
5614	computer network security	0.8904	-0.495	2	94	145	26	2016.9615	10.5	0.573
5617	computer networks	-0.2374	0.6829	4	58	83	18	2018.2222	11.2778	0.737
5621	computer science	-0.7707	0.1488	1	93	143	25	2020.36	10.28	0.9121
5625	computer security	-0.2279	-0.0478	1	551	2012	315	2019.5714	16.1746	1.1583
5647	computer vision	-0.4516	0.6389	4	75	111	18	2021.4444	8.5	0.9405
5781	confidentiality	0.1298	-0.4588	5	108	237	42	2019.4048	24	1.3431
5797	conflict	-0.8838	-0.3006	1	57	90	24	2019	18.3333	1.051
5856	connected vehicles	0.4482	0.3423	3	153	312	45	2020.3333	21.2667	1.7194
5868	consensus	0.9791	-0.1628	2	218	534	77	2020.1299	34.5714	2.3149
5889	consequences	-0.9664	-0.3943	1	68	92	20	2020.3	13.4	0.9676
5930	construction	-0.4	-0.0854	1	84	138	28	2019.8929	24.1071	1.813
5970	consumption	-0.2104	-0.2777	1	77	104	14	2020.5714	26.3571	2.3618
6017	context	-0.4613	-0.1575	1	138	273	36	2020.0833	13.6111	1.0927
6114	contracts	-0.5883	-0.5513	1	63	78	12	2020.5	25	1.5122
6121	control	0.4453	-0.3754	2	132	207	26	2019.0769	41.4615	2.1728
6178	control strategy	0.8388	-0.4284	2	71	95	14	2020.7143	26.5714	2.0213
6192	control systems	0.8608	-0.1846	2	268	686	88	2019.4545	22.625	1.6947
6201	control-systems	1.0528	-0.147	2	131	216	47	2018.9362	43.6596	2.0304
6210	controller area network	0.1021	0.5284	4	77	158	40	2020.35	11.625	0.9947
6211	controller area network (can)	0.0982	0.5231	4	48	101	17	2020.4118	31.2941	2.0613
6239	convergence	0.9301	-0.068	2	101	176	27	2020.4074	15.1481	1.1908
6268	convolutional neural network	-0.1176	0.9642	4	109	265	60	2021.3333	16.2833	1.4338
6273	convolutional neural networks	-0.1879	0.8879	4	158	388	63	2021.0635	18.2381	1.6161
6277	convolutional neural-network	-0.4403	0.6529	4	56	83	11	2022.2727	12.2727	1.5566
6290	cooperation	-0.8799	-0.3495	1	77	112	23	2018.2609	21.8261	1.3099
6302	cooperative control	0.9905	-0.2852	2	57	83	12	2020.0833	67.8333	4.587
6358	coordination	0.483	-0.4432	2	77	111	18	2019.2222	22.8333	1.5789
6402	corporate governance	-0.9191	-0.5144	1	36	72	19	2021.3158	6.9474	0.7584
6426	correlation	0.2952	-0.0043	4	173	291	40	2020.5	14.425	1.6333
6483	costs	0.2516	0.0279	3	187	292	37	2021.6757	6.8108	0.9211
6523	countermeasure	0.1418	-0.0395	5	60	85	15	2019.7333	9.8667	0.6553
6528	countermeasures	-0.0746	-0.2999	3	200	455	66	2019.7727	34.3788	2.1458
6546	couplings	0.9321	-0.2191	2	74	96	10	2020.8	32.9	2.332
6561	covariance matrices	1.0484	-0.2926	2	59	95	11	2021.1818	22.8182	2.039
6589	covid-19	-0.8893	-0.08	1	200	437	99	2021.2828	21.6263	1.8363
6632	cps security	0.3491	-0.4871	2	71	103	29	2019.8966	13.2069	0.8324
6687	crime	-1.028	-0.2076	1	97	207	52	2018.7692	14.1154	0.7406
6782	critical infrastructure	-0.2294	-0.5626	5	328	1078	249	2018.5783	10.8032	0.6462
6792	critical infrastructure protection	0.1061	-0.6996	5	95	189	61	2017.8033	14.1311	0.8128
6942	cryptocurrency	-0.4636	0.1206	3	73	135	29	2020.1379	16.5517	1.0904
6969	cryptography	0.3769	0.3038	3	332	1140	193	2019.7668	18.8756	1.2474
7078	culture	-1.0747	-0.3646	1	78	148	34	2019.0294	9.8529	0.5388
7161	cyber	-0.5061	-0.3994	1	274	674	143	2019.021	12.8881	0.7736
7196	cyber attack	0.4487	-0.2694	2	790	5553	960	2019.8781	17.7063	1.294
7226	cyber attacks	0.6108	-0.2376	2	398	1120	241	2018.7344	17.8174	1.1139
7277	cyber crime	-0.9686	-0.1555	1	78	127	54	2016.5741	18.6296	0.8063
7291	cyber deception	-0.1372	0.167	5	91	160	34	2020.5588	10	0.7639
7307	cyber defense	-0.4479	-0.2255	1	155	284	70	2017.8571	12.0857	0.9084
7399	cyber insurance	-0.6838	-0.5558	1	109	231	65	2019.7385	14.4308	0.8651
7492	cyber range	-0.9083	-0.1498	1	71	132	58	2020.1724	9.1552	0.5931
7509	cyber resilience	-0.3233	-0.4801	5	164	320	74	2019.4595	9.473	0.6946
7523	cyber risk	-0.7697	-0.4988	1	164	402	90	2020.6778	8.8889	0.75
7741	cyber terrorism	-0.9352	-0.24	1	58	94	23	2014.6957	13.4783	0.6911
7743	cyber threat	-0.593	-0.0773	1	346	963	216	2019.2407	12.7593	0.8723
7758	cyber threat intelligence	-0.5483	0.4209	4	170	391	127	2020.2677	13.1969	0.9396
7801	cyber warfare	-0.8757	-0.2941	1	74	118	40	2017.35	8.275	0.4148
7812	cyber&#8211	0.5928	0.1048	2	111	158	18	2020.8889	21.2222	1.8829
7823	cyber-attack detection	0.6624	-0.1138	2	115	202	40	2020.75	14.9	1.1119
7898	cyber-insurance	-0.6603	-0.5693	1	62	115	28	2017.9286	13.7857	0.7637
7922	cyber-physical	0.0065	-0.3342	5	65	99	27	2017.1852	10.4074	0.4765
7926	cyber-physical attack	0.7906	0.1373	2	97	154	32	2019.3438	18.7812	1.2892
7928	cyber-physical attacks	0.7223	-0.4194	2	183	375	57	2019.614	25.193	1.5303
7988	cyber-physical power system	0.9308	-0.5315	2	92	145	19	2020.2105	17.9474	1.3288
7992	cyber-physical power systems	0.8999	-0.5263	2	71	106	13	2019.9231	25.3846	1.8316
8002	cyber-physical security	0.6941	-0.3771	2	301	911	199	2019.2714	21.6482	1.2347
8023	cyber-physical system	0.5753	-0.1313	2	835	9882	2024	2019.2633	25.8799	1.4747
8028	cyber-physical system security	1.1074	-0.2244	2	86	134	43	2018.0233	30.3721	1.629
8040	cyber-physical systems security	0.7803	-0.0305	2	92	112	30	2019.5667	14.1	0.7963
8201	cybercrime	-1.0045	-0.1963	1	269	853	217	2018.9724	14.4194	0.8575
8220	cybercrimes	-0.9678	0.0853	1	57	89	24	2019.125	6.2083	0.4559
8282	cybersecurity	-0.1419	-0.0514	1	999	40024	9517	2019.3481	17.4676	1.103
8314	cybersecurity awareness	-1.1013	-0.2932	1	98	165	43	2020.4884	6.5349	0.6943
8389	cybersecurity education	-0.9145	-0.1521	1	69	124	82	2019.2927	6.7073	0.4095
8611	cyberspace	-0.8665	-0.2702	1	155	360	115	2018.4435	8.9652	0.5087
8633	cyberterrorism	-0.9133	-0.2936	1	55	96	21	2016.6667	11.0952	0.6186
8742	data	-0.3997	-0.4172	1	65	101	18	2018.2222	10.9444	0.7244
8751	data aggregation	0.7575	0.4425	3	125	232	26	2020.0769	70.7308	3.5217
8754	data analysis	-0.3288	0.0645	5	74	105	26	2019.2692	9	0.6771
8757	data analytics	-0.2637	0.2807	3	168	356	51	2019.5882	37.8235	2.1833
8773	data breach	-0.9057	-0.5154	1	148	356	72	2019.8889	11.4306	0.7841
8787	data breaches	-0.915	-0.5216	1	79	130	25	2019.76	10.6	0.6493
8810	data communication	0.8396	-0.2406	2	76	99	11	2020.7273	11.5455	1.2898
8872	data fusion	0.5524	0.2748	2	116	176	32	2018.4375	26.0938	1.4484
8889	data injection attack	1.0326	-0.3497	2	127	208	29	2020.7586	15.069	1.2142
8890	data injection attacks	1.0075	-0.4723	2	342	1299	180	2020.0667	26.7556	1.822
8893	data integrity	1.0686	-0.5514	2	126	257	38	2019.8947	23.6579	1.6553
8897	data integrity attacks	1.0225	-0.5726	2	68	101	14	2019.3571	33	1.8353
8924	data mining	-0.5085	0.4837	4	265	661	141	2018.5957	27.6028	1.7513
8933	data models	0.4186	0.251	4	340	1128	127	2021.622	15.3228	1.9244
8967	data privacy	0.1306	0.6454	3	252	651	95	2020.8737	18.4842	1.7065
8977	data protection	-0.7091	-0.2866	1	128	266	61	2019.459	8.3443	0.536
9008	data science	-0.5047	0.6257	4	67	113	23	2020.0435	25.913	1.5323
9012	data security	-0.5318	-0.097	1	189	367	79	2018.6835	11.2532	0.8128
9068	data visualization	-0.4541	0.0511	1	76	121	27	2018.2222	13	0.8697
9077	data-driven	0.6514	-0.0757	2	77	105	16	2020.8125	37.3125	2.2046
9111	data-injection attacks	1.0356	-0.4155	2	223	479	62	2019.2581	77.1613	3.9749
9137	databases	-0.0604	0.0734	4	138	218	32	2020.4375	9.2812	0.792
9148	dataset	-0.4952	0.8725	4	121	297	48	2020.9167	14.0417	1.2456
9155	datasets	-0.2899	0.867	4	61	108	21	2020.4286	8.7143	0.6572
9260	decentralized control	0.8602	-0.2631	2	121	217	27	2020.3333	29.963	2.3731
9293	deception	-0.7236	-0.1132	1	123	246	65	2018.0308	9.9538	0.5621
9295	deception attack	1.0792	-0.1794	2	57	90	12	2020.1667	68.75	4.7675
9297	deception attacks	1.0349	-0.2098	2	87	166	30	2020.9	32.7667	2.4593
9314	decision	-0.8431	-0.2929	1	128	184	31	2019.8387	8.129	0.5445
9321	decision making	-0.6598	-0.2086	1	186	335	53	2020.2264	10.8679	0.7928
9343	decision tree	-0.2845	1.0478	4	52	101	23	2020.3913	9.8696	1.0099
9352	decision-making	-0.7938	-0.2358	1	256	529	91	2019.6484	16.6154	1.1544
9391	deep	0.5094	-0.0332	4	125	228	26	2021.1538	18.6154	1.5015
9419	deep learning	-0.2135	0.8838	4	547	4173	780	2021.05	23.6679	1.9305
9420	deep learning (dl)	0.1058	0.9835	4	105	245	28	2021.6786	27.25	3.6023
9427	deep learning approach	-0.231	1.0042	4	121	275	43	2021.1395	16.9767	1.3774
9453	deep neural network	-0.1371	0.9569	4	90	167	39	2020.9487	10.359	1.0416
9456	deep neural networks	-0.2184	0.9726	4	76	144	32	2020.3438	41.0312	2.5118
9474	deep reinforcement learning	0.4975	0.1473	2	113	172	32	2021.4688	11.9375	1.1516
9536	defense	0.2595	-0.2936	2	337	879	146	2019.7055	19.7192	1.223
9588	definition	-0.6354	-0.2931	1	93	135	24	2018.5833	11.375	0.7559
9601	delay	1.0443	-0.173	2	92	160	31	2020.4194	17.5484	1.3162
9624	delays	0.9824	-0.264	2	160	302	40	2020.75	16.3	1.4119
9645	demand	0.3377	-0.3858	2	85	120	18	2019.4444	23.3333	1.567
9652	demand response	0.6273	-0.4493	2	201	452	65	2018.7846	48.5846	2.7758
9664	demand-side management	0.5035	-0.5171	2	91	158	19	2019.9474	35	2.4241
9684	denial of service	0.3101	0.4814	4	441	1850	373	2019.4718	16.8365	1.1544
9692	denial-of-service	1.0116	-0.1406	2	91	143	29	2019.1379	26.5172	1.2631
9695	denial-of-service (dos) attack	0.9373	-0.1975	2	69	104	14	2020.7143	62.0714	4.2156
9700	denial-of-service attack	0.9764	-0.0782	2	206	439	53	2021.3396	14.4717	1.7643
9701	denial-of-service attacks	1.012	-0.2426	2	58	94	16	2019.9375	15.5	1.0504
9733	dependability	0.1152	0.0764	5	80	149	29	2018.8276	10	0.8073
9796	design	0.3093	-0.1851	2	611	2408	417	2019.7074	24.3285	1.636
9827	design science	-0.9557	-0.4566	1	71	109	20	2020.35	7.75	0.7567
9863	detection	0.0244	0.1428	4	204	473	93	2020.0968	12.7312	0.9339
9866	detection algorithms	0.7017	-0.0327	2	91	130	16	2021.0625	24.8125	2.0653
9875	detection framework	-0.1308	0.8083	4	84	153	17	2020.7059	23.7647	2.1451
9893	detection scheme	0.9001	0.0989	2	65	95	10	2021.2	32.1	2.9685
9896	detection system	-0.2133	0.9303	4	193	539	80	2021.15	21.275	2.0827
9897	detection systems	-0.3299	0.958	4	89	177	22	2020.9091	36.1364	2.4194
9908	detectors	1.0375	-0.259	2	206	461	58	2021.3966	15.4828	1.504
9910	determinants	-0.9715	-0.3838	1	113	186	31	2020.2258	13.0968	0.8665
9920	deterrence	-1.1325	-0.3627	1	133	404	75	2019.0933	12.7067	0.7781
9991	devices	-0.5444	0.2782	3	152	377	60	2020.4333	21.4167	1.337
10018	diagnosis	0.7536	-0.0277	2	100	177	32	2019.6875	25.9062	1.5593
10063	differential privacy	0.7072	0.4818	3	103	170	28	2020.5714	23.1429	1.6134
10138	digital economy	-0.8509	-0.1777	1	43	69	24	2019.5833	10.25	0.6517
10172	digital forensics	-0.704	0.1548	1	146	294	72	2018.8889	12.8889	0.7814
10185	digital health	-0.821	-0.0436	1	49	75	20	2020.6	21.8	3.3986
10310	digital transformation	-0.8428	-0.1781	1	99	158	38	2021.0263	24.0526	2.2728
10315	digital twin	-0.2736	-0.1376	5	193	474	80	2021.2875	18.475	1.7048
10321	digital twins	-0.2176	-0.1083	5	107	200	27	2021.7778	11.1852	1.9327
10341	digitalization	-0.5491	-0.5191	1	125	270	49	2020.7551	12.7959	1.3269
10416	disclosure	-0.9154	-0.5017	1	70	156	29	2020.2414	13.4483	0.8159
10433	discovery	-0.7236	0.0824	1	90	135	25	2019.12	23.88	1.4605
10463	discrete-event systems	0.6	-0.1781	2	70	180	36	2020.0278	17.6389	1.3122
10487	disinformation	-0.9294	-0.2262	1	48	72	24	2021.1667	6.9167	0.6782
10549	distributed attack detection	-0.0236	1.0848	4	62	118	13	2021.3077	13.0769	1.4772
10563	distributed computing	-0.4605	0.2723	3	71	102	19	2018.8947	15.8947	0.8174
10569	distributed control	0.9016	-0.3418	2	161	345	49	2019.2653	58.6122	2.8332
10587	distributed databases	0.8808	0.2225	3	85	136	15	2021.0667	18.2	1.9241
10590	distributed denial of service	-0.113	0.9482	4	65	114	20	2020.9	11.25	1.0728
10625	distributed energy resources	0.8388	-0.4919	2	128	203	35	2019.5429	22.0571	1.2598
10652	distributed generation	0.7595	-0.4226	2	94	144	23	2019.6957	15.0435	1.1707
10676	distributed ledger	-0.1017	0.3034	3	95	212	32	2020.9062	20.5312	2.0102
10680	distributed ledger technology	-0.3752	0.0942	3	46	88	18	2020.4444	31.2222	2.3191
10704	distributed power generation	0.9206	-0.4805	2	81	142	17	2018.8824	11.4706	0.6399
10752	distributed systems	0.0806	0.046	3	58	88	21	2018.1429	14.5238	0.8253
10788	distribution networks	0.8031	-0.4733	2	127	207	27	2020.9259	13.4815	1.0911
11055	drones	0.2573	0.2438	3	79	131	23	2020.3043	47.3043	2.9045
11277	dynamic state estimation	1.086	-0.4666	2	101	214	28	2020.0357	25.6071	1.7056
11329	dynamics	-0.7176	-0.222	1	152	231	44	2019.9545	17.5227	1.1157
11341	e-commerce	-1.0348	-0.3527	1	107	213	47	2019.3617	10.4681	0.7773
11359	e-government	-0.9208	-0.3679	1	93	158	31	2019.7419	15.0323	1.2848
11434	eavesdropping	0.6364	0.279	3	60	91	15	2019.5333	13.6667	1.5972
11519	economic-impact	-0.921	-0.5258	1	52	78	12	2020.0833	11.0833	0.7748
11525	economics	-0.7216	-0.5411	1	197	366	66	2017.9242	13.9091	0.8225
11541	ecosystems	-0.1556	0.3801	3	86	140	15	2020.6667	11.2	1.0834
11552	edge	0.0441	0.3378	3	139	324	38	2020.6053	40.5263	2.8892
11565	edge computing	0.2785	0.7505	3	259	838	113	2020.5752	31.708	2.0817
11620	education	-1.0831	-0.1932	1	206	542	135	2019.2815	7.8593	0.5359
11676	efficiency	-0.2071	-0.2209	1	137	220	33	2020.5455	18.0606	1.51
11678	efficient	0.5697	0.5675	3	279	862	125	2019.968	22.952	1.5781
11780	electric vehicle	0.4994	-0.5019	2	74	128	20	2020.35	29.85	2.152
11789	electric vehicles	0.4957	-0.4656	2	189	431	56	2020.4107	42.5536	2.822
11817	electricity	0.2767	-0.5012	2	73	117	16	2018.8125	38.375	2.2184
11825	electricity market	0.6747	-0.6046	2	74	108	16	2018.25	51.625	2.7509
11913	electronic mail	-0.4536	0.4321	4	155	266	30	2021.3667	22.9333	2.1009
11948	elliptic curve cryptography	0.568	0.6618	3	80	165	30	2019.9	11.4333	0.8916
12000	embedded systems	0.1706	0.1189	5	117	231	52	2019.1923	11.8269	0.7488
12109	employees	-1.11	-0.3537	1	57	81	13	2020.7692	11.3077	1.0983
12165	encryption	0.3536	0.2004	3	338	1031	188	2019.7234	16.516	1.2656
12207	energy	0.0261	-0.0679	3	299	862	115	2019.4348	65.1826	3.5651
12221	energy consumption	0.4948	0.7259	3	62	90	12	2019.4167	39.4167	2.2759
12241	energy efficiency	0.6122	0.3356	3	98	149	28	2019.75	28.4286	2.0111
12255	energy internet	0.4212	-0.5226	3	70	108	16	2019.5	35.0625	2.0663
12262	energy management	0.5611	-0.4459	2	183	384	52	2020.1923	39.2885	2.4089
12266	energy management system	0.8621	-0.4748	2	75	120	19	2020.1053	20.7368	1.5025
12268	energy management systems	0.897	-0.4871	2	68	90	11	2019.7273	11.7273	0.7702
12297	energy storage	0.9397	-0.3465	2	79	113	14	2019.3571	20	1.3536
12309	energy theft	0.7925	-0.4788	2	58	92	10	2018.8	49.2	2.7758
12312	energy trading	0.4895	-0.5112	2	66	99	13	2021.0769	23.5385	1.9966
12326	energy-efficient	0.5019	0.6706	3	63	90	10	2018.6	41.3	2.2513
12336	enforcement	0.4924	-0.1631	2	57	88	15	2019.5333	8.5333	0.7153
12356	engines	-0.0162	0.5112	4	64	86	9	2021	20.6667	1.7839
12379	ensemble	-0.2973	1.0225	4	132	396	74	2020.4595	14.4865	1.1756
12396	ensemble learning	-0.3859	0.8823	4	113	242	53	2020.8113	15.8868	1.3565
12468	entropy	0.1576	0.3889	4	160	276	52	2020.0577	9.8654	0.9252
12479	environment	-0.5213	-0.0421	1	97	141	26	2019.0385	17.0385	1.4286
12596	estimation	0.841	-0.0732	2	148	247	32	2020.8438	19.0312	2.0278
12613	ethereum	-0.0593	0.3573	3	74	148	23	2020.6957	11.5217	1.1635
12643	ethics	-0.8454	-0.1	1	117	238	49	2019.4898	18.6122	1.9453
12684	europe	-0.7394	-0.3131	1	62	87	21	2020.4762	13.619	0.8329
12717	evaluation	-0.5402	-0.1879	1	75	96	30	2018.2667	12.8	0.6857
12792	event-triggered control	0.9811	-0.1175	2	82	120	16	2020.375	61.875	4.2541
12804	events	-0.8963	-0.5416	1	55	86	16	2019.5	14.1875	0.8701
12825	evolution	-0.6675	-0.0759	1	109	162	30	2019.9667	15.5333	0.9926
12924	experience	-0.9511	-0.1466	1	73	103	16	2019.75	15.4375	1.204
13151	facebook	-1.0611	-0.1664	1	61	109	24	2018.75	11.9583	0.7284
13204	failure	-0.2957	-0.5879	1	52	82	16	2019.1875	11.625	0.7361
13221	failures	1.1232	-0.2632	2	60	95	22	2018.5909	14.5909	0.7681
13258	false data	0.8753	-0.447	2	62	96	11	2021.2727	11.5455	1.1798
13264	false data injection	1.0665	-0.4351	2	280	883	146	2020.1027	21.2945	1.5328
13267	false data injection (fdi) attacks	1.0443	-0.3303	2	65	92	14	2021.0714	11.8571	0.9326
13268	false data injection attack	0.9683	-0.4564	2	214	580	101	2019.8515	25.5743	1.4376
13269	false data injection attack (fdia)	1.0301	-0.4402	2	78	133	20	2021.3	13.6	1.2987
13271	false data injection attacks	0.9882	-0.4952	2	175	391	73	2019.589	40.1096	2.1163
13366	fault detection	0.9495	-0.0985	2	106	173	30	2020.0667	63.1333	3.0193
13373	fault diagnosis	0.8914	-0.2715	2	92	142	24	2018.875	37.7917	1.9537
13393	fault tolerance	0.7791	0.3442	3	72	102	16	2020.3125	15.1875	1.2146
13406	fault-detection	0.94	-0.2696	2	160	312	48	2020.1042	26.1667	1.6718
13407	fault-diagnosis	0.629	-0.172	2	112	146	18	2020.8889	10.1111	1.2032
13411	fault-tolerance	0.7849	0.0005	2	65	96	13	2019	37.5385	1.8837
13437	fdi attacks	0.9502	-0.4375	2	70	97	12	2021.75	6.5	0.9232
13445	fear appeals	-1.1542	-0.3371	1	133	489	68	2020.1029	20.2353	1.1568
13462	feature engineering	-0.5662	0.7427	4	76	129	23	2020.4783	11.6087	0.8451
13464	feature extraction	-0.117	0.7705	4	341	1416	194	2021.0309	14.8196	1.4999
13489	feature selection	-0.3804	0.9681	4	166	611	132	2020.197	16.5909	1.277
13506	feature-selection	-0.2996	0.9829	4	180	578	88	2020.625	23.2159	1.8152
13510	features	-0.6188	0.7458	4	101	202	41	2020.5122	20.2439	1.4872
13537	federated learning	0.2468	0.9707	3	146	390	61	2021.918	13.0492	1.6657
13538	federated learning (fl)	0.2067	1.0018	3	56	105	11	2022.4545	27.8182	5.1083
13751	fintech	-0.8804	-0.2048	1	54	80	21	2020.3333	23.5714	1.3774
13768	firewall	0.146	-0.0526	5	65	91	26	2017.8462	8.6154	0.4117
13784	firm performance	-0.8635	-0.4125	1	50	81	13	2021.6923	12.3077	1.5343
13789	firms	-0.9074	-0.5287	1	92	196	34	2020.4706	11.5588	0.9298
13878	flow	0.7678	-0.0768	2	97	143	24	2019.25	14.2917	0.8322
13941	fog	0.0273	0.3247	3	120	249	28	2019.8929	36.5714	2.3074
13944	fog computing	0.259	0.8516	3	179	565	85	2019.9647	28.0118	1.7956
13987	forecasting	0.2905	-0.0716	4	105	172	29	2019.3103	15.3793	1.0635
14031	forensics	-0.4951	0.393	4	132	265	53	2018.5283	14.4528	0.8656
14061	formal methods	0.0343	-0.303	5	63	110	30	2019.2667	8.3667	0.5385
14109	fourth industrial revolution	-0.0819	-0.1472	5	135	260	28	2021.1786	14.5714	1.6907
14113	fpga	0.1521	0.1291	5	81	127	41	2019.3902	36.3659	3.0942
14148	framework	-0.3142	-0.2375	1	733	4405	631	2020.1395	22.0935	1.5726
14157	fraud	-1.0327	-0.1899	1	61	97	26	2019.6154	16.6154	1.0816
14195	frequency	0.7013	-0.2721	2	78	98	15	2020.0667	11.8667	0.7721
14197	frequency control	0.9357	-0.3682	2	145	307	33	2020.7576	37.1515	2.4258
14202	frequency measurement	0.9408	-0.3918	2	77	118	13	2021.4615	12	1.0239
14288	functional safety	-0.1432	-0.2313	5	44	79	22	2019.4091	9.7727	0.5689
14319	fusion	0.0284	0.6149	4	107	165	31	2019.7097	19.1935	1.3588
14323	future	-0.4831	-0.287	1	364	1191	168	2019.9762	33.8452	2.4216
14396	fuzzy logic	-0.4586	-0.5557	1	85	130	29	2019.4138	10.3793	0.8457
14461	game	0.0127	-0.1741	5	222	527	87	2020.2989	27.2069	1.9225
14474	game theory	0.2405	-0.3262	2	318	970	215	2018.5349	17.0465	0.9153
14486	game-theory	-0.2774	-0.2723	5	74	103	15	2020.8	10.6667	0.8672
14491	games	0.2893	-0.1531	2	277	639	93	2020.2903	13.5699	1.1763
14497	gamification	-1.1252	-0.2019	1	59	124	44	2019.8182	5.6591	0.3651
14581	gdpr	-0.7155	-0.2856	1	59	111	30	2019.5667	11	0.6361
14592	gender	-1.0311	-0.1636	1	55	83	23	2019.6522	5.2609	0.3999
14651	generation	0.4397	-0.4543	2	256	579	89	2019.5618	26.5506	1.6755
14666	generative adversarial networks	-0.08	0.9079	4	99	179	35	2020.8857	17.8571	1.6421
14682	generators	0.7946	-0.2585	2	158	295	33	2021.1515	22.7879	1.7324
14696	genetic algorithm	-0.088	0.6384	4	175	335	65	2019.8154	22.5231	1.4571
14698	genetic algorithms	-0.0758	0.6043	4	102	142	24	2018.5417	15.8333	1.0719
14911	governance	-0.8641	-0.3786	1	184	441	100	2019.29	13.14	0.9807
14921	government	-0.8116	-0.3433	1	98	158	29	2018.0345	16.7586	1.0789
15044	graph theory	0.7219	-0.1102	2	120	187	35	2018.5143	59.4286	2.1021
15177	grids	0.679	-0.5373	2	122	201	28	2019.8929	27.4286	1.6327
15248	guidelines	-0.9053	-0.1262	1	79	102	16	2020.375	11.6875	0.9507
15264	h-infinity control	1.0568	-0.1738	2	68	171	27	2020.4815	33.8889	2.2651
15282	hacker	-0.9393	-0.1824	1	84	140	31	2017.4516	9.8387	0.5132
15298	hacking	-0.9843	-0.1994	1	98	176	49	2017.9796	11.1837	0.5983
15359	hardware	0.3204	0.1716	4	196	371	53	2020.283	21.7547	1.4684
15395	hardware security	0.0465	-0.1738	5	59	91	33	2019.2424	7.4242	0.4204
15496	health	-0.8164	-0.0313	1	157	295	58	2020.5172	20.9483	1.2916
15503	health care	-0.8502	0.0731	1	62	87	15	2018.8	98.6667	4.4553
15564	health-care	-0.6044	0.1067	3	188	414	58	2020.7414	22.6207	1.6473
15576	healthcare	-0.5694	0.239	3	243	679	116	2020.569	22.4052	1.8893
15708	heuristic algorithms	0.7043	-0.0214	2	110	153	19	2021.3158	16.9474	1.6952
15731	hidden markov models	0.1448	0.4672	4	114	198	25	2021.4	11.96	1.5242
15871	higher education	-1.099	-0.3455	1	58	84	24	2020	10.75	0.7336
16001	homomorphic encryption	0.752	0.4789	3	88	161	31	2020	13.5484	0.9233
16018	honeypot	-0.2962	0.3236	4	140	372	92	2019.1087	10.4891	0.6561
16055	hospitals	-0.6541	0.3068	3	64	90	13	2020.3077	25.4615	2.3207
16136	human behavior	-1.132	-0.2675	1	50	88	15	2020.2667	5.3333	0.4346
16164	human factors	-0.9594	-0.1113	1	123	273	72	2019.25	10.9306	0.6355
16325	hybrid	0.5031	0.1962	4	111	182	26	2020.6538	19.6538	1.3164
16460	hyperledger fabric	-0.1172	0.3115	3	52	110	25	2020.72	19.8	1.4146
16547	ict	-0.7358	-0.1425	1	90	135	27	2018.7037	25.5926	1.4983
16587	identification	0.4773	-0.2982	2	309	704	116	2019.7414	20.2414	1.4468
16598	identity	-0.916	-0.2462	1	91	133	29	2019.1034	10.3103	0.5708
16632	ids	-0.3179	0.9214	4	191	593	129	2019.5891	14.1705	1.1791
16666	iec 61850	0.4764	-0.7494	5	101	261	69	2018.8261	13.9275	0.8243
16675	iec 62351	0.4775	-0.7514	5	40	92	19	2018.8421	15.3684	0.9458
16683	iec standards	0.4764	-0.7376	5	102	212	22	2021.1818	13.5455	1.2366
16743	iiot	-0.0315	0.2413	3	370	1555	228	2020.7632	23.2193	1.8567
16781	image edge detection	0.1268	0.8277	3	106	178	20	2021.15	24.55	2.308
16782	image encryption	0.3466	0.1726	3	34	58	21	2021.2857	11.619	1.1106
16854	impact	-0.9007	-0.4425	1	489	2002	330	2020.1455	18.1303	1.2998
16876	impacts	0.4546	-0.5728	2	66	90	15	2019.8	26.7333	1.7861
16904	implementation	-0.1459	-0.4351	1	232	501	78	2020.2949	16.2821	1.455
16978	in-vehicle network	0.0981	0.5264	4	57	116	24	2020.625	20.2083	1.6489
17020	incident response	-1.0008	-0.4012	1	107	192	65	2019.3077	6.9077	0.5798
17070	indexes	0.8158	-0.2597	2	106	158	19	2021.6842	7.2105	0.9451
17103	individual-differences	-1.1021	-0.2514	1	87	158	27	2019.8519	15.7407	0.9226
17156	industrial control system	0.0592	-0.6287	5	371	1748	405	2019.3457	16.9284	1.0178
17207	industrial internet	0.3305	0.509	3	200	425	44	2021.5227	29.2727	2.6259
17220	industrial iot	-0.1353	0.4647	3	57	110	25	2020.32	11.28	0.8397
17269	industries	-0.2037	-0.0762	3	235	593	58	2021.2931	46.6724	3.5458
17271	industry	-0.6334	-0.3419	1	118	251	45	2019.9778	14.0222	1.0602
17272	industry 4.0	-0.3605	-0.1699	5	388	2219	329	2020.5805	25.5502	1.9786
17279	industry 5	-0.253	-0.1771	5	74	132	13	2022.3846	9.4615	1.724
17355	informatics	0.4222	0.0307	3	197	370	49	2021	17.5306	1.6853
17358	information	-0.7869	-0.2646	1	499	1700	285	2019.8351	20.4421	1.4011
17372	information and communication technology	0.7262	-0.5055	2	79	103	13	2018.6923	37.0769	2.4355
17494	information security	-0.9412	-0.3973	1	500	2331	539	2018.321	15.3321	0.8125
17500	information security awareness	-1.1067	-0.2962	1	71	136	27	2019.3704	11.7037	0.9193
17532	information security investment	-0.7015	-0.5578	1	46	90	16	2020.1875	4.8125	0.4561
17536	information security management	-1.0088	-0.4126	1	64	100	24	2019.6667	20.2917	1.5659
17576	information sharing	-0.7201	-0.458	1	118	227	57	2018.193	13.8596	0.6896
17593	information systems	-0.7309	-0.4288	1	119	189	30	2020.1333	22.1667	1.4509
17605	information technology	-0.786	-0.3951	1	159	253	48	2019.4375	21.3333	1.2711
17650	information-systems	-0.9935	-0.3241	1	138	250	42	2019.5238	23.7857	1.7648
17653	information-systems security	-1.1363	-0.3585	1	64	125	18	2019.6667	14.2222	1.0097
17655	information-technology	-1.0703	-0.3467	1	131	269	45	2019.8444	26.8444	1.5315
17684	infrastructure	0.0389	-0.4528	1	221	458	75	2019.4267	18.1333	1.3269
17732	innovation	-0.8882	-0.4285	1	148	350	64	2020.4062	14.1406	1.1021
17801	insider threat	-0.9236	-0.0581	1	110	166	43	2019.1163	11.6977	0.8301
17810	insights	-1.1134	-0.3631	1	66	109	19	2020.1579	18.3684	1.2414
17812	inspection	0.3904	-0.2408	2	75	103	14	2020.4286	8.5	0.9745
17873	insurance	-0.6622	-0.5595	1	134	252	44	2019.5227	9.6818	0.6785
17913	integrated circuits	0.1353	-0.1749	5	119	253	28	2021.0714	11.6429	1.0454
17960	integration	-0.3471	-0.398	1	269	689	96	2020.3646	20.9167	1.5381
17968	integrity	0.1349	-0.4558	5	109	220	37	2019.6216	29.2703	1.5573
17972	integrity attacks	1.0996	-0.3103	2	140	284	43	2019.2558	28.186	1.6069
17996	intelligence	-0.6187	0.0604	1	192	402	70	2020.4857	12.7143	1.0648
18098	intelligent sensors	0.6562	0.0941	3	91	151	18	2021.2778	15.5556	1.8829
18119	intelligent transportation system	0.4457	0.4898	3	66	103	15	2020.1333	30.2667	1.9651
18121	intelligent transportation systems	0.4586	0.4972	3	146	256	32	2021	28.4375	2.186
18142	intention	-1.1224	-0.3414	1	64	118	16	2020.5625	19.9375	1.3686
18348	internet	-0.2246	0.3839	3	828	9141	1287	2020.3403	24.4631	1.7983
18373	internet governance	-0.9226	-0.2792	1	45	76	22	2017.5455	12.6364	0.6599
18406	internet of medical things (iomt)	0.1751	0.8815	3	83	152	19	2021.7895	35.9474	3.7245
18449	internet of vehicles	0.1671	0.6971	3	92	149	22	2021.3636	12.1364	1.3581
18465	internet security	-1.0263	-0.059	1	86	121	27	2018.2222	7	0.6053
18518	interoperability	-0.3073	-0.0595	3	130	227	40	2019.6	15.85	1.2453
18602	intrusion	-0.2626	0.9541	4	171	391	69	2019.4638	28.2029	1.7565
18617	intrusion detection	-0.0256	0.7724	4	668	5914	1080	2019.5685	25.1722	1.6882
18641	intrusion detection system	-0.1108	0.8524	4	499	3059	568	2020.2694	22.0933	1.607
18680	intrusion-detection	-0.6467	0.6671	4	71	119	20	2018.3	37.35	1.9571
18719	inverters	0.8528	-0.4065	2	84	143	16	2021.6875	17.0625	1.7535
18727	investment	-0.7068	-0.5083	1	135	234	38	2020	11.7895	0.7503
18771	iot	-0.0088	0.5878	3	810	10299	1741	2020.2889	26.4658	1.8135
18876	iot security	0.0096	0.9231	3	171	461	94	2020.2872	19.0213	1.3137
18944	ip networks	0.0624	0.4729	4	133	229	28	2021.25	10.7857	1.2521
19092	issues	-0.1632	0.0314	3	304	968	134	2019.6194	36.2985	2.1173
19141	it security	-0.8775	-0.55	1	63	106	24	2016.9167	25.5	1.0857
19206	jamming	0.6946	0.1256	2	148	242	37	2020.2162	14.2973	1.8781
19209	jamming attacks	0.803	0.1724	2	75	108	16	2020.3125	15.5625	1.3558
19352	kalman filter	1.0656	-0.3708	2	106	216	39	2020.1538	38.2821	2.5926
19357	kalman filters	1.0405	-0.3018	2	98	176	20	2020.5	21.3	1.5308
19406	key agreement	0.5877	0.7258	3	70	151	22	2019.0909	20.2727	1.3257
19408	key agreement scheme	0.5899	0.7355	3	50	96	13	2020.3077	19.2308	1.3595
19411	key distribution	0.3995	0.3416	3	62	90	15	2020.2667	30.8	1.8432
19429	key management	0.6254	0.5933	3	138	356	60	2019.05	45.9	2.3314
19511	knowledge	-1.022	-0.2821	1	164	303	56	2019.7321	21.0179	1.3924
19546	knowledge management	-0.8041	-0.2991	1	69	111	18	2019.1667	19.7778	1.2429
19744	law	-0.7315	-0.2971	1	113	186	59	2018.1017	10.8475	0.5675
19791	leadership	-1.0432	-0.3876	1	65	93	15	2019.0667	5.8	0.4412
19808	learning (artificial intelligence)	0.9413	-0.505	2	62	96	10	2019.3	34.1	1.7932
19815	learning approach	-0.1737	0.9827	4	93	190	30	2021.2667	14.0667	1.3297
19923	lessons	-0.7671	-0.3203	1	98	140	23	2020.3043	20.8261	1.2968
19978	licenses	-0.2726	0.0894	1	154	223	25	2020.96	7.96	0.7999
20024	lightweight	0.5675	0.7382	3	143	361	47	2020.5319	38.1489	2.3488
20066	limits	-0.8965	-0.2915	1	46	79	16	2018.5	25.3125	1.356
20129	linear systems	0.9195	-0.254	2	75	129	20	2019.55	23.45	1.3575
20142	linear-systems	1.0598	-0.1902	2	79	160	27	2019.4444	80.4815	4.0659
20183	literature review	-0.6816	-0.3932	1	134	236	34	2020.2353	30	2.3963
20219	load	0.851	-0.428	2	74	98	13	2021.0769	10.5385	1.0209
20230	load flow	0.9053	-0.4742	2	66	85	11	2020	11.3636	0.795
20236	load frequency control	1.0534	-0.2731	2	139	279	41	2020.6585	32.7561	2.2289
20244	load modeling	0.7819	-0.3781	2	133	230	27	2021.2593	10.2593	1.1327
20249	load redistribution attacks	0.9849	-0.5409	2	117	262	34	2019.0882	50.3235	2.6275
20307	localization	0.5442	0.0878	2	78	107	19	2019.9474	20.9474	1.0944
20362	logic	-0.0495	-0.231	5	63	92	25	2019.36	10.16	0.8606
20364	logic gates	0.1731	0.6558	3	121	225	26	2021.3077	23.9231	2.6331
20397	logistics	-0.3359	0.1154	3	107	192	25	2020.56	17.08	1.5833
20415	long short-term memory	-0.1035	0.966	4	52	92	20	2020.95	11.7	0.9677
20553	lstm	-0.3274	0.826	4	120	265	59	2021.2542	12.0339	1.1357
20587	lyapunov methods	0.9922	-0.2786	2	58	82	7	2019.8571	12.1429	0.6708
20625	machine	-0.2765	0.8112	4	213	513	75	2021.0267	18.4267	1.4778
20637	machine learning	-0.305	0.7355	4	724	7002	1394	2020.467	20.4118	1.5365
20642	machine learning algorithms	-0.0618	0.7504	4	147	292	34	2020.9706	11.9706	1.1406
20667	machine learning techniques	-0.426	0.8227	4	67	95	14	2020.7857	17.7143	2.2096
20733	maintenance	-0.0223	-0.3833	5	93	149	25	2020.48	16.56	1.4072
20863	malware	-0.4627	0.5824	4	415	1769	358	2019.4302	19.7374	1.3163
20864	malware analysis	-0.3959	0.6917	4	45	100	36	2019.2222	11.9167	0.7767
20880	malware classification	-0.2585	0.9089	4	66	130	33	2020.6667	19.2424	1.4188
20886	malware detection	-0.4133	0.8411	4	192	636	152	2020.3487	19.0658	1.3392
20959	management	-0.4423	-0.3864	1	642	3616	528	2019.803	32.0038	1.948
21010	manufacturing	-0.3063	-0.2706	5	99	179	24	2020.2917	13.3333	1.3045
21106	market	-0.7502	-0.5325	1	126	215	44	2019	11.4773	0.6692
21125	market research	0.2656	-0.367	4	102	164	16	2021	23.4375	1.835
21131	market value	-0.9133	-0.5308	1	42	105	18	2020.1667	12.1111	0.8264
21166	markov processes	0.8077	-0.2177	2	90	137	22	2020.5	11.6818	1.1594
21222	mathematical model	0.8652	-0.214	2	149	266	37	2020.4324	18.7297	1.5438
21226	mathematical models	0.8158	-0.3348	2	150	225	26	2022.2692	4.6923	0.9136
21263	maturity model	-0.7964	-0.529	1	65	105	23	2018.8261	10.9565	0.6755
21334	measurement	0.0959	0.003	4	242	461	60	2019.75	14.8833	1.104
21368	mechanism	0.1321	0.7146	3	146	298	43	2020.9535	14.5349	1.4963
21371	mechanisms	0.9108	-0.0192	2	75	97	14	2019.4286	27.7143	1.6083
21375	media	-0.9284	-0.2605	1	108	199	38	2019.1842	10.8947	0.696
21419	medical devices	-0.633	0.2371	3	116	239	46	2019.6957	25.913	1.4713
21420	medical diagnostic imaging	0.1898	0.8606	3	64	101	9	2022	30.2222	4.164
21448	medical services	0.1706	0.8042	3	180	460	44	2021.5227	32.7273	3.2839
21583	metaanalysis	-1.1314	-0.3072	1	69	118	20	2020.35	12.6	0.994
21631	meters	0.8003	-0.4512	2	97	166	19	2021.0526	10.2632	0.8971
21644	methodology	-0.3786	-0.5372	1	158	308	52	2019.1731	20.8846	1.2079
21649	metrics	-0.3478	-0.4854	5	152	285	57	2018.5263	14.9123	0.8268
21693	microgrid	0.7245	-0.4524	2	187	428	76	2019.4605	17.2368	1.1201
21708	microgrids	0.8295	-0.3883	2	260	803	99	2020.5657	21.9394	1.6263
21745	middleware	0.0621	0.0556	3	90	160	27	2017.2222	50.6667	2.4632
21847	misbehavior detection	0.5012	0.5053	3	57	90	13	2019.6923	23.0769	1.5133
21895	mitigation	0.7722	-0.3025	2	280	699	104	2020.3654	23.8558	1.7059
21970	mobile	-0.0349	0.2901	3	92	153	28	2019.6786	20.3571	1.3098
22093	mobility	-0.2973	0.3939	3	59	93	15	2018.1333	62	2.9336
22099	modbus	0.0958	-0.651	5	72	157	34	2018.8824	13.0294	0.7709
22113	model	-0.4864	-0.1257	1	739	4248	699	2020.1087	22.4592	1.4726
22123	model checking	0.0329	-0.3166	5	68	111	29	2018.931	20.1034	1.0393
22144	model predictive control	1.0633	-0.2019	2	61	94	20	2020.75	10.7	1.1146
22209	model-predictive control	0.8325	-0.3358	2	78	102	15	2020.2	17.4	1.3714
22212	modeling	-0.1292	-0.3695	5	125	209	43	2018.1395	7.814	0.4513
22238	models	-0.3731	-0.2788	1	273	539	100	2019.54	29.97	1.4368
22318	monitoring	0.3791	0.0936	2	416	1166	146	2020.5548	16.0548	1.1096
22388	motivation	-1.0821	-0.3016	1	124	271	47	2019.383	10.766	0.615
22410	moving target defense	0.1923	-0.124	5	172	355	81	2019.037	14.037	0.9627
22427	mqtt	0.3995	1.0959	3	56	97	19	2020.4211	24.6316	1.5631
22487	multi-agent systems	0.9731	-0.1432	2	118	222	44	2019.0682	18.6818	1.47
22671	multiagent systems	1.0267	-0.2054	2	154	341	57	2020.193	25.6316	2.1003
22927	mutual authentication	0.5942	0.7235	3	96	279	40	2020.65	16.625	1.3697
22994	nash equilibrium	0.4261	-0.3967	2	111	174	32	2018.4688	12.4062	0.6922
23048	national security	-0.8397	-0.2523	1	85	157	45	2017.7333	6.8889	0.3711
23082	natural language processing	-0.6482	0.4133	4	118	230	59	2020.6441	7.6441	0.6145
23204	network	-0.0904	0.5019	4	514	1964	312	2020.0833	24.3782	1.7838
23224	network anomaly detection	-0.1669	1.1113	4	64	126	27	2019.4444	17.5556	1.1732
23225	network architecture	0.4123	0.7	3	58	95	14	2020.2857	74.2857	5.8694
23231	network attacks	0.549	-0.1186	2	71	118	22	2019.9545	16.2727	1.0464
23303	network function virtualization	0.2957	0.6586	5	72	120	18	2019.7222	24.7778	1.6836
23325	network intrusion detection	-0.2504	0.9911	4	143	374	67	2020.6418	20.7313	1.7729
23390	network security	-0.1394	0.6082	4	439	1641	397	2018.3401	18.6902	1.2088
23457	network topology	0.9119	-0.1785	2	127	199	24	2020.8333	13.125	1.3978
23461	network traffic	-0.1604	1.0155	4	69	123	29	2020.4483	10.1034	0.7366
23497	networked control	1.0296	-0.1537	2	56	103	18	2019.7778	30.1111	2.0615
23500	networked control systems	1.0144	-0.1726	2	149	317	57	2019.6842	62.7193	3.2979
23503	networked control-systems	1.0766	-0.1903	2	174	520	91	2019.6264	41.1758	2.5239
23518	networked microgrids	0.8485	-0.4771	2	74	102	14	2020.1429	45.0714	2.8448
23536	networking	0.079	0.3762	3	117	225	31	2019.129	68.8065	3.4636
23543	networks	0.3743	-0.0021	2	641	2684	421	2019.5344	37.6247	2.0908
23559	neural network	-0.2391	0.7032	4	152	309	73	2019.5205	17.5479	1.1512
23569	neural networks	-0.2002	0.6679	4	235	622	109	2020.1743	18.0367	1.261
23574	neural-network	-0.0474	0.8867	4	164	377	48	2021.2292	16.5833	1.6148
23576	neural-networks	-0.1517	0.7226	4	241	622	92	2020.4239	44.75	2.7281
23638	next-generation	0.5874	0.3242	3	64	92	9	2020.7778	28	2.1669
23649	nfv	0.2973	0.655	5	62	125	20	2019.45	24.65	1.4839
23866	nonlinear-systems	1.0381	-0.1896	2	75	150	24	2020.4583	42.375	3.1113
23959	nsl-kdd	-0.2991	0.9275	4	56	90	19	2020.1053	26.7368	1.8715
23986	nuclear power plant	-0.2185	-0.638	5	49	86	20	2018.8	12.05	0.6094
24062	object recognition	0.3869	0.39	4	65	91	10	2021.8	24.3	2.8292
24075	observability	0.9167	-0.4065	2	73	129	22	2017.8636	34.2273	1.462
24099	observers	0.9919	-0.1994	2	157	345	43	2020.6047	49.2093	2.5202
24125	of-the-art	0.3086	0.3517	3	208	456	50	2020.5	66.4	5.6618
24249	online	-1.0531	-0.1997	1	153	300	53	2020.0377	13.0755	0.977
24348	online social networks	-0.9801	-0.0276	1	65	100	22	2019	9.6818	0.6165
24371	ontology	-0.577	-0.16	1	138	249	95	2018.3579	10.5579	0.5769
24384	opacity	0.5968	-0.1762	2	67	156	24	2020.7917	16.2917	1.5086
24448	openflow	0.2932	0.6328	5	51	89	17	2019.1765	23.8235	1.4578
24477	operation	0.6326	-0.4888	2	124	196	26	2020	17.3846	1.2123
24510	operational technology	-0.0275	-0.8056	1	58	98	19	2020.1579	5.7895	0.5269
24515	operations	-0.5508	-0.3573	1	80	112	21	2020.9048	11.9048	1.442
24542	opportunities	-0.4423	-0.0419	1	175	380	46	2020.413	37.1522	2.7269
24587	optimal control	0.7074	-0.1828	2	50	89	19	2019.6316	14.7895	1.1357
24660	optimisation	0.8951	-0.4565	2	69	82	11	2018.9091	24	1.2784
24669	optimization	0.4235	-0.1691	2	538	2059	306	2020.268	27.6242	1.935
24738	organization	-0.9792	-0.2626	1	61	79	18	2019.0556	12.5	0.8246
24784	organizations	-0.7519	-0.3478	1	242	522	73	2020.1781	9.9178	0.8962
24852	outlier detection	-0.4801	0.7622	4	73	113	24	2019.4167	43.7083	2.3805
25155	particle swarm optimization	-0.0816	0.7788	4	109	181	31	2020.9032	18.2581	1.4248
25192	password	0.2328	-0.0784	1	75	110	20	2019.8	4.85	0.4224
25296	patterns	-0.8395	0.0199	1	80	113	23	2019.2174	20.5217	1.6625
25300	payloads	0.0999	0.4997	4	84	134	15	2021.0667	37.8	2.2375
25372	peer-to-peer computing	0.5038	0.5511	3	123	210	22	2020.9091	22.5	1.8497
25388	penetration testing	0.0156	-0.5342	5	90	172	52	2019.2115	8.6538	0.5552
25395	people	-0.8778	-0.0655	1	65	90	17	2018.6471	34.7059	1.9618
25424	perception	-0.9514	-0.0737	1	86	126	28	2020.0714	6.4286	0.5122
25435	perceptions	-1.0516	-0.2506	1	101	176	37	2020	12.1622	0.7925
25451	performance	-0.5982	-0.3329	1	494	1621	254	2019.5551	20.7913	1.3927
25453	performance analysis	0.3856	0.3661	3	109	163	26	2019	81.0769	5.1567
25459	performance evaluation	0.3015	0.7173	4	148	287	36	2020.5833	23.5	1.9283
25561	personality	-1.0975	-0.2438	1	93	185	45	2018.7556	13.6444	0.7524
25588	perspective	-0.8641	-0.4617	1	94	146	27	2019.2963	14.7037	0.9384
25616	petri nets	0.6033	-0.1877	2	73	107	24	2019	24.2083	1.4427
25656	phasor measurement unit (pmu)	0.8489	-0.5773	2	50	83	17	2019.3529	17.9412	1.005
25659	phasor measurement units	0.9708	-0.4221	2	168	455	60	2020.1167	15.2	1.0891
25674	phishing	-1.074	-0.0358	1	230	783	184	2019.6141	15.1467	0.9641
25678	phishing attacks	-1.1391	-0.1049	1	55	88	19	2020.4211	15.5789	1.0541
25682	phishing detection	-0.6365	0.7416	4	65	160	37	2020	14.973	0.8875
25775	physical layer	0.7076	0.1595	2	119	208	25	2020	18.08	1.3273
25781	physical layer security	0.594	0.3109	3	80	125	25	2019.48	12.72	0.8211
25792	physical security	0.0719	-0.4207	5	106	159	33	2019.3939	7	0.5021
25797	physical systems	0.8228	-0.0958	2	187	335	44	2020.4318	24.3864	2.0968
25816	physical-layer security	0.482	0.4819	3	67	95	12	2020.5	68.75	5.9046
25883	placement	0.7029	-0.1326	2	89	134	18	2019.1667	41	2.2485
25895	planned behavior	-1.1305	-0.3455	1	71	161	26	2019.6923	33.0769	1.7006
25911	platform	-0.0378	-0.2482	5	126	208	30	2020.0333	44.7	2.5968
25938	plc	0.0901	-0.6535	5	29	80	22	2020	7.5	0.5745
26011	policies	-0.9264	-0.3374	1	105	162	32	2019.3438	52.8125	2.5696
26017	policy	-0.8206	-0.3582	1	199	439	84	2018.7381	20.3214	1.1735
26028	policy compliance	-1.1447	-0.3579	1	120	407	55	2019.6	22.2909	1.1797
26081	politics	-0.9072	-0.2787	1	76	147	37	2019.5135	19	1.1122
26087	pollution measurement	1.0099	-0.4173	2	63	96	10	2021.9	10.6	1.5318
26228	power	0.5602	-0.5062	2	362	1045	170	2018.9941	24.5118	1.4355
26265	power electronics	0.6417	-0.3822	2	72	117	12	2021	16.1667	1.4432
26275	power engineering computing	0.9264	-0.4891	2	148	403	44	2019.0455	23.8636	1.2187
26293	power grid	0.8103	-0.6044	2	135	250	45	2017.3111	32.2	1.3531
26312	power grids	0.9041	-0.5042	2	213	571	70	2020.2143	17.3286	1.2052
26331	power measurement	0.9975	-0.4109	2	135	324	35	2021.6857	11.4857	1.4271
26365	power system	0.8968	-0.5625	2	106	182	37	2017.8108	37.2162	1.8724
26374	power system control	0.9257	-0.4556	2	88	177	24	2016.9167	57.9167	1.9356
26383	power system dynamics	0.9882	-0.3937	2	127	217	24	2021.25	18.3333	1.7505
26407	power system protection	0.9156	-0.4282	2	66	116	19	2019.2105	9.1579	0.5872
26409	power system reliability	0.8635	-0.5292	2	138	290	39	2019.4359	19.3077	1.3644
26418	power system security	0.9173	-0.4965	2	225	658	93	2018.0215	25.5591	1.2412
26423	power system stability	0.9559	-0.3915	2	208	528	62	2020.6129	14.371	1.2082
26426	power system state estimation	0.9527	-0.5032	2	95	213	30	2018.8	23.4	1.2091
26428	power systems	0.817	-0.5151	2	331	1040	124	2020.1452	23.1129	1.731
26455	power-system	0.7649	-0.5356	2	176	354	46	2020.2826	39.8478	2.3626
26460	power-systems	1.0295	-0.4652	2	251	686	94	2019.7553	35.1064	2.17
26529	prediction	-0.3602	0.344	4	258	649	101	2020.5644	23.6436	1.8479
26530	prediction algorithms	0.0431	0.6639	4	83	115	13	2021.2308	12.4615	1.2994
26551	predictive control	0.9793	-0.2286	2	100	154	21	2020.4762	26.2381	1.8255
26555	predictive maintenance	-0.2577	-0.2292	5	59	101	13	2020.7692	25.8462	2.2622
26559	predictive models	0.2993	-0.0411	4	166	310	38	2021.7895	10.2895	1.3956
26634	prevention	-0.0113	0.1491	3	133	253	35	2019.8571	24.2857	1.668
26682	principal component analysis	-0.2513	0.8338	4	76	109	24	2019.125	16.875	0.8812
26715	privacy	-0.2929	0.1891	3	742	5745	899	2019.6963	26.9956	1.7546
26738	privacy concerns	-1.0805	-0.2636	1	70	117	19	2021.1053	8.5789	0.8566
26758	privacy preservation	0.5786	0.5035	3	119	203	27	2020.7037	34.1481	2.4676
26761	privacy preserving	0.7314	0.5239	3	52	82	16	2019	17.1875	1.0395
26763	privacy protection	0.6126	0.5272	3	100	170	30	2019.6	25.2667	1.5745
26790	privacy-preserving	0.6628	0.6219	3	67	130	21	2020.5238	23.619	1.6043
26890	probabilistic logic	0.7015	-0.1718	2	78	105	13	2021.6154	7.3846	0.9019
26916	probability	0.8311	-0.3677	2	72	84	15	2018.9333	10.8667	0.6026
26965	process control	0.4606	-0.1167	2	146	287	35	2020.8	12.4857	1.0952
27038	production	-0.0374	-0.1714	5	114	165	17	2021.4118	9.8824	1.0376
27201	proposals	0.3156	0.4352	3	61	84	11	2021	6.8182	0.7298
27207	prospect-theory	-0.8863	-0.3193	1	53	79	15	2019.6667	15.6667	0.8741
27228	protection	0.37	-0.5402	2	402	1229	179	2019.7709	20.5978	1.2713
27238	protection motivation	-1.1509	-0.3507	1	104	276	40	2019.775	26.075	1.3387
27239	protection motivation theory	-1.148	-0.3354	1	125	403	59	2020.5763	14.4068	1.0824
27275	protocol	0.6058	0.6236	3	240	852	125	2020.056	31.592	1.8017
27288	protocols	0.3147	0.3851	3	474	1757	212	2020.8726	18.4858	1.611
27378	psychology	-1.0034	-0.2749	1	111	199	41	2019.3659	12.2195	0.6743
27429	public key	0.4418	0.4369	3	59	93	13	2020.5385	8.8462	1.0637
27579	quality	-0.8395	-0.3991	1	144	280	52	2020.1731	15.2308	1.47
27607	quality of service	0.2001	0.3333	4	88	124	18	2020.6667	20.1111	1.6115
27678	quantum computing	0.3281	0.091	5	70	102	19	2021.6842	11.3158	1.0184
27768	quickest detection	1.0817	-0.4769	2	79	152	18	2020.6667	42.6667	2.8175
27896	random forest	-0.3496	0.9885	4	93	190	40	2020.5	24	1.9195
27979	ransomware	-0.55	0.4581	4	166	433	110	2020.3818	13.6909	0.9569
28070	reactive power	0.8427	-0.407	2	101	160	20	2020.8	12.05	1.052
28118	real-time	-0.0992	0.4493	4	136	206	35	2019	30	1.6327
28140	real-time detection	1.0638	-0.48	2	91	140	15	2020.8	35.4667	2.97
28185	real-time systems	0.5415	0.0352	2	328	819	98	2021.0816	16.0306	1.3871
28231	receivers	0.6154	0.2104	3	84	107	17	2020.7647	16	1.4667
28238	recognition	-0.5379	0.1814	1	113	188	36	2018.8333	8.75	0.5953
28260	reconnaissance	0.1097	-0.0511	5	68	103	15	2019.6667	11.2	0.851
28272	recovery	0.1392	-0.528	2	69	100	20	2019.8	18.85	1.4643
28287	recurrent neural networks	-0.0998	0.9778	4	76	139	23	2020.3043	22.9565	1.562
28369	regression	-0.3144	0.5171	4	81	106	20	2020.2	26.7	1.6007
28387	regulation	-0.4734	-0.1936	1	122	206	44	2019.6591	18.6818	1.1565
28420	reinforcement learning	0.3989	-0.0358	2	201	386	81	2020.4568	14.2346	1.1931
28421	reinforcement learning (rl)	0.4933	0.2228	3	71	97	10	2021	16.1	1.9723
28475	reliability	0.5183	-0.3223	2	367	985	144	2019.875	22.3542	1.4288
28477	reliability assessment	0.7545	-0.5845	2	94	188	27	2019.9259	27.8148	1.6707
28577	remote state estimation	1.0979	-0.175	2	69	182	40	2019.275	36.75	1.9188
28590	renewable energy	0.5919	-0.518	2	181	367	53	2019.9811	30.3396	2.1021
28600	renewable energy sources	0.8263	-0.4444	2	116	193	26	2020.6154	12.7308	1.1534
28660	reputation	-0.4354	-0.126	1	116	221	38	2019.4211	23.8421	1.2681
28676	requirements	-0.1799	-0.3284	5	183	374	66	2018.9697	22.9545	1.2286
28692	research agenda	-0.9939	-0.3603	1	73	107	12	2021.3333	25.5833	2.0556
28751	resilience	0.1979	-0.5174	2	445	1486	242	2019.8388	17.2107	1.2293
28779	resiliency	0.6428	-0.0139	2	121	211	37	2018.9459	10.4054	0.8084
28783	resilient	1.04	-0.1271	2	94	142	18	2020.1111	22.3333	1.3802
28791	resilient control	1.0675	-0.1687	2	172	548	81	2020.2716	35.4444	2.5384
28855	resource management	0.4272	0.1715	3	128	218	28	2020.4286	11.5357	0.9777
28861	resource-allocation	0.4737	0.45	3	84	132	19	2019.9474	67.4211	3.5441
28870	resources	-0.5073	-0.504	1	78	110	17	2019.4118	30.4118	2.2368
28952	reverse engineering	-0.0935	0.5569	4	74	117	29	2019.2069	11.2069	0.6529
28962	review	-0.3901	-0.3587	1	126	222	27	2020.037	51.7037	3.3715
29027	risk	-0.8378	-0.4607	1	408	1497	299	2019.4247	17.2308	0.9989
29029	risk analysis	-0.1995	-0.464	5	193	428	104	2018.8558	17.9904	1.0808
29038	risk assessment	-0.1616	-0.5448	5	278	828	215	2018.7302	13.7163	0.7927
29091	risk management	-0.6201	-0.534	1	331	1037	212	2019.0377	14.0519	0.8484
29103	risk mitigation	0.1926	-0.6024	2	78	124	24	2019.8333	10.6667	0.6872
29142	risk-assessment	0.1454	-0.602	5	146	268	35	2020.1429	25.3143	2.424
29154	risk-management	-0.6344	-0.4558	1	102	175	25	2019.88	24.8	1.8261
29160	risks	-0.8868	-0.3836	1	153	251	46	2020.1522	27.1739	1.5838
29205	roads	0.4117	0.4571	3	72	100	12	2020.5	9.6667	0.7911
29227	robot sensing systems	0.6243	0.1598	3	95	153	20	2021.45	10.55	1.1194
29244	robotics	-0.6144	0.2029	3	56	101	25	2019.16	13.88	1.007
29251	robots	0.6157	0.161	3	95	154	23	2020.3913	12.5217	1.2334
29253	robust	0.7658	-0.2179	2	118	204	37	2020.0541	20.973	1.4968
29295	robustness	0.7706	-0.1365	2	190	402	69	2019.7246	30.3768	1.7619
29380	routine activity theory	-1.0343	-0.2052	1	46	79	19	2019.0526	34.1579	1.4266
29382	routing	0.5134	0.4731	3	82	113	15	2020.1333	9.5333	0.7137
29387	routing protocol	0.4823	0.7589	3	54	98	14	2019.7857	74.6429	3.6067
29392	routing protocols	0.544	0.4649	3	87	123	14	2019.9286	19.8571	1.3218
29476	russia	-0.9063	-0.2588	1	42	74	30	2019.5333	6.2333	0.4365
29528	safety	0.0261	-0.2204	5	465	1869	341	2019.9091	14.0792	0.9728
29666	satisfaction	-1.0018	-0.2405	1	64	89	14	2018	37.2143	2.3185
29681	scada	0.1018	-0.6573	5	269	1067	243	2017.7942	21.7654	1.1418
29703	scada security	0.0651	-0.735	5	61	108	26	2018.3077	18.3462	0.9421
29709	scada systems	0.4986	-0.5795	2	199	407	65	2017.6462	34.4769	1.6741
29721	scalability	0.1244	0.3183	3	134	222	44	2019.0227	14.4545	1.2346
29735	scale	-1.0838	-0.2465	1	82	118	22	2020	21.5	1.4675
29793	scheduling	0.8029	-0.4212	2	74	98	18	2019.6667	14.5556	1.1498
29801	scheme	0.6188	0.4806	3	430	1734	252	2020.4405	29.0833	1.9504
29817	science	-0.9444	-0.2084	1	126	257	52	2019.4231	18.5577	1.7922
29877	sdn	0.2912	0.6454	5	174	499	89	2019.9888	19.6854	1.4123
29970	secure	0.5559	0.5339	3	263	700	111	2020.4685	20.8378	1.5294
30007	secure control	1.0879	-0.179	2	106	230	42	2018.5714	46.119	2.9813
30106	secure state estimation	1.0619	-0.2341	2	65	104	16	2021	36.875	3.327
30147	securitization	-0.9055	-0.2814	1	33	67	22	2018.2727	17.2273	0.9477
30160	security analysis	0.0613	-0.3712	5	156	286	65	2019.1692	21.9538	1.2293
30174	security and privacy	0.2477	0.531	3	186	404	76	2020.0526	44.1184	2.4809
30202	security assessment	-0.12	-0.525	5	123	204	48	2018.2708	13.0208	0.8707
30216	security attacks	0.3967	0.5167	3	69	92	21	2018.1429	14.0952	1.083
30223	security awareness	-1.1325	-0.2411	1	105	218	52	2019.1923	12.1923	0.737
30239	security by design	0.0733	-0.5376	5	57	92	19	2019.7368	12.6316	0.7827
30250	security challenges	-0.0518	0.3142	3	149	289	45	2019.9333	33.4222	2.0023
30267	security control	1.0506	-0.1848	2	81	178	34	2020.5294	52.6176	3.6032
30403	security investment	-0.7163	-0.5194	1	51	77	15	2019.2	14	0.9376
30409	security issues	0.1245	0.2569	3	138	234	37	2018.1892	25.3784	1.3703
30426	security management	-0.5869	-0.2454	1	132	206	47	2018.5106	9.8085	0.6164
30444	security metrics	-0.1128	-0.4897	5	64	144	50	2017.14	15.84	0.7478
30469	security of data	0.9277	-0.475	2	156	363	47	2019.0638	23.2979	1.1803
30513	security policy compliance	-1.141	-0.3318	1	91	223	32	2020.5	14.1562	1.0048
30547	security requirements	-0.0879	-0.4222	5	94	159	38	2018.8947	15.1316	0.8892
30559	security risk	-0.4946	-0.5958	1	61	85	21	2020.7143	9	0.5977
30634	security threats	0.2583	0.4285	3	152	266	52	2019.1538	17.9231	1.1989
30706	selection	-0.416	0.4211	4	224	460	84	2020.0714	21.5119	1.5593
30757	self-efficacy	-1.1477	-0.3234	1	99	285	55	2019.4909	14.6727	0.9413
30857	semantics	-0.3803	0.4209	4	103	172	27	2020.7778	25.2222	1.8615
30917	sensor	0.9999	-0.1115	2	158	299	55	2019.1636	39.0909	2.2341
30923	sensor attacks	1.058	-0.2397	2	51	92	20	2020	30.75	1.8422
30937	sensor fusion	0.7797	-0.0168	2	72	96	14	2019.4286	10.6429	0.6869
30946	sensor networks	0.6826	0.3492	3	190	368	61	2018.7541	42.2951	2.2524
30962	sensor systems	0.7725	0.0311	2	133	264	32	2021.125	18.7188	1.5948
30969	sensors	0.6332	0.1102	2	404	1161	147	2020.6122	19.381	1.6175
30983	sentiment analysis	-1.0491	-0.1032	1	58	91	20	2018.85	22.8	1.3047
31052	serious games	-1.1231	-0.2009	1	54	99	32	2019.2188	7.4688	0.4319
31063	servers	0.2357	0.7445	3	288	859	95	2021.3579	17	1.8549
31064	service	-0.1793	0.2044	3	203	420	59	2018.9831	50.4237	2.4977
31068	service attacks	0.7716	0.0898	2	121	171	20	2020.3	18.5	1.3714
31124	services	-0.745	0.0195	1	175	369	51	2020.098	69.1961	3.8791
31443	simulation	-0.0099	-0.5119	5	278	724	141	2018.5461	19.9291	1.1272
31531	situation awareness	-0.5502	-0.1663	1	98	150	42	2018.0952	10.5	0.5932
31538	situational awareness	-0.3881	-0.1308	1	153	293	68	2018.1765	16.0147	0.9128
31656	smart	0.3024	-0.2819	3	302	811	115	2019.8783	31.313	1.8487
31661	smart agriculture	-0.3575	0.3835	3	66	103	14	2021.8571	38.6429	4.0237
31692	smart cities	-0.3318	0.1917	3	310	897	128	2020.3906	24.7031	1.9863
31698	smart city	-0.3253	0.252	3	273	811	119	2020.0756	26.2185	1.773
31726	smart contract	-0.1119	0.3189	3	125	346	63	2020.6508	29.3651	2.0695
31728	smart contracts	-0.2631	0.2142	3	157	431	60	2020.2	35.4667	2.4408
31738	smart devices	0.2273	0.6765	3	87	133	18	2020.1667	19.6111	1.6388
31758	smart factory	0.0803	-0.1399	5	82	160	20	2020.15	18.6	1.2171
31771	smart grid	0.6497	-0.5167	2	537	3486	649	2018.4545	29.8767	1.5498
31772	smart grid (sg)	0.7412	0.4122	3	76	115	13	2019.2308	69.3077	3.8403
31815	smart grid security	1.0129	-0.4485	2	121	241	49	2018.7143	32.6939	1.6248
31834	smart grids	0.767	-0.4542	2	446	1893	236	2019.8941	30.2373	1.8541
31841	smart healthcare	0.2231	0.9242	3	61	85	10	2022	8.1	1.2075
31845	smart home	-0.5731	0.1767	1	177	414	74	2019.3784	21.7568	1.2962
31857	smart homes	-0.2049	0.4677	3	102	186	22	2019.8636	45.8636	2.8549
31893	smart manufacturing	-0.1194	-0.1541	5	144	329	43	2020.7907	31.1395	2.2695
31902	smart meter	0.8516	0.3348	3	112	255	41	2018.9024	20.1951	1.1846
31910	smart meters	0.7561	-0.4754	2	154	336	43	2018.9535	28.2558	1.7214
31936	smart power grids	0.9295	-0.4948	2	128	309	36	2019.1389	21.8611	1.1298
32025	smartphone	-0.7563	0.162	1	59	81	19	2018.6842	21.2632	1.2731
32042	sme	-0.8094	-0.5265	1	60	91	20	2019.6	7.35	0.5017
32046	smes	-1.003	-0.4342	1	68	103	22	2019.5	6.6364	0.6169
32056	smote	-0.2576	1.01	4	60	90	20	2021.25	16.3	1.6482
32129	social engineering	-1.0941	-0.1745	1	159	437	106	2019.066	17.8491	0.9309
32170	social media	-1.0288	-0.1332	1	167	426	95	2019.4947	12.2211	0.813
32195	social network analysis	-1.0337	-0.1107	1	59	88	31	2018.2581	9.5806	0.5843
32204	social networking (online)	-0.4067	0.079	1	110	170	23	2021.4783	8.2174	0.8774
32210	social networks	-1.0682	-0.1353	1	82	116	32	2018.2812	17	0.871
32304	sociology	-0.647	-0.1595	1	82	97	15	2019.8667	11.3333	1.0566
32336	software	-0.0959	0.0498	4	302	689	104	2020.4038	14.3942	1.1379
32372	software defined networking	0.3158	0.5856	5	114	213	37	2020.027	16.3514	1.1996
32376	software defined networks	0.2898	0.6679	5	70	114	22	2019.2273	14.7273	0.9313
32431	software security	-0.2324	-0.4537	5	56	83	40	2018.1	10.425	0.6018
32474	software-defined networking	0.2747	0.6055	5	177	419	71	2019.8169	24.507	1.4603
32605	spam	-1.1288	-0.0187	1	64	120	30	2017.7333	17.2	0.9871
32770	spoofing	0.4585	0.1212	2	43	76	20	2020.05	7.55	0.6323
32835	stability	1.008	-0.2181	2	218	527	99	2019.8586	23.3232	1.4136
32836	stability analysis	1.005	-0.1926	2	185	372	56	2020.3571	32.5	2.3134
32847	stabilization	1.0323	-0.1786	2	110	243	36	2020.4722	26.9722	1.8012
32891	stakeholders	-0.7356	-0.3744	1	110	167	19	2021.7368	5.8947	0.8327
32911	standardization	-0.1915	-0.0416	1	78	111	19	2019.3684	53.9474	3.0767
32913	standards	-0.0079	-0.1033	5	320	824	110	2019.7909	16.9545	1.2469
32914	standards organizations	-0.7216	-0.3501	1	64	93	12	2021.75	6.0833	0.8041
32926	state	-0.206	-0.3621	1	172	277	59	2019.8305	14.9831	0.9755
32943	state estimation	1.0461	-0.3979	2	410	2476	389	2019.6144	34.1388	1.9307
33005	static analysis	-0.392	0.6995	4	64	140	44	2019.5909	9.5227	0.7988
33123	steganography	0.2254	-0.1758	3	77	135	34	2018.7941	8.6176	0.7716
33175	stochastic game	0.69	0.1489	2	60	87	17	2019.2941	27.1176	1.5587
33202	stochastic processes	0.743	-0.1684	2	114	195	26	2021.1923	11.2692	1.2507
33225	storage	0.6517	-0.4181	2	119	197	28	2020.4286	18.1429	1.2748
33295	strategies	-0.5693	-0.4083	1	194	335	60	2019.3167	32.8	2.0136
33296	strategy	0.1163	-0.373	1	273	555	93	2020	17.1183	1.2373
33413	students	-1.0971	-0.2226	1	67	106	28	2020.1786	9.3929	0.6305
33417	stuxnet	-0.4323	-0.3389	1	166	337	80	2017.625	25.4875	1.2575
33441	subject	1.0621	-0.1767	2	85	195	31	2021.3226	13.2903	1.377
33464	substation	0.2486	-0.6076	5	60	93	15	2019.7333	10.6667	0.6083
33465	substation automation	0.4601	-0.737	5	61	105	16	2017.0625	15.0625	0.8783
33483	substations	0.7065	-0.5844	2	138	322	38	2020.8684	11.5263	0.9795
33555	supervised learning	-0.2325	0.81	4	111	208	36	2020.5556	46.0833	4.1698
33559	supervised machine learning	-0.4048	0.9048	4	53	75	20	2020.25	25.5	1.686
33565	supervisory control	0.6005	-0.1806	2	90	163	29	2020.2069	26.4138	1.6304
33567	supervisory control and data acquisition	0.1543	-0.361	5	91	152	23	2018.7826	17.4783	0.8465
33568	supervisory control and data acquisition (scada)	0.3255	-0.7024	5	57	119	28	2018.3571	65.25	2.6771
33583	supply chain	-0.6313	-0.4804	1	161	385	65	2020.1385	21.1077	1.5968
33595	supply chain management	-0.5823	-0.3754	1	122	294	38	2020.8158	37.4211	3.0878
33613	supply chains	-0.5256	-0.3401	1	103	165	23	2020.6522	17.3478	2.0875
33620	support	-0.2682	0.5544	4	114	198	34	2019.9706	29.9412	1.8286
33624	support vector machine	-0.2409	0.8985	4	126	246	46	2019.2391	19.8043	1.2536
33629	support vector machines	-0.1642	0.7616	4	197	433	54	2020.1111	28.0741	1.8551
33650	surveillance	-0.6019	0.027	1	177	311	63	2019.127	14.5238	0.9293
33655	survey	-0.5475	0.0521	1	265	589	88	2019.2273	48.7273	2.7516
33673	susceptibility	-1.0721	-0.2067	1	68	117	18	2020.2778	11.7222	0.8341
33679	sustainability	-0.579	-0.2923	1	201	495	68	2020.7647	19.2059	1.5933
33697	sustainable development	-0.7639	-0.186	1	104	178	27	2019.7037	20.3704	1.2951
33733	svm	-0.3024	1.0041	4	102	234	42	2019.7857	33.381	2.0107
33773	switches	0.9253	-0.0907	2	126	233	32	2021.4062	12.75	1.6199
33827	symmetric matrices	1.0424	-0.2107	2	80	142	18	2021.4444	32.5	2.9105
33839	synchronization	1.0139	-0.207	2	138	291	52	2020.3077	15.4038	1.1445
33888	system	-0.0756	0.1355	3	622	2974	451	2020.0089	34.1109	2.0757
33985	system security	0.7275	-0.2991	2	93	140	34	2018.3824	30.9706	1.4753
34022	systematic literature review	-0.5458	-0.2593	1	191	377	48	2020.6458	20.3333	1.5024
34032	systematic review	-1.0196	-0.3715	1	92	129	20	2020.95	14.25	1.2067
34036	systematics	-0.4016	-0.2181	1	150	260	25	2021.48	20.8	2.1043
34045	systems	0.1855	-0.2505	2	726	3868	675	2019.643	25.1585	1.6154
34049	systems engineering	-0.0902	-0.4008	5	62	92	23	2017.913	7	0.4891
34195	task analysis	0.1079	0.4443	4	249	575	75	2021.44	12.88	1.5587
34218	taxonomy	-0.3967	0.2496	5	372	1255	179	2019.9218	24.5698	1.6083
34320	technological innovation	1.0379	-0.287	2	102	166	19	2021.1579	18.1579	1.5163
34327	technologies	-0.1718	-0.1089	3	324	1104	123	2020.4959	35.3496	2.5341
34329	technology	-0.951	-0.3174	1	408	1452	241	2020.1784	15.1743	1.2252
34401	telecommunication security	0.9152	-0.4743	2	63	95	13	2019.3077	22	1.112
34403	telecommunication traffic	0.0004	0.6936	4	99	166	20	2021.6	7.45	1.1267
34413	telehealth	-0.8698	-0.0645	1	43	77	21	2020.2381	24.1905	1.6896
34419	telemedicine	-0.8691	-0.0642	1	63	109	30	2020.4	23.0333	1.8395
34523	terrorism	-0.8972	-0.2765	1	91	157	40	2017.875	9.85	0.6059
34557	testbed	-0.0482	-0.5509	5	102	233	55	2018.5636	18.3091	1.0704
34566	testing	-0.0828	-0.094	5	158	255	41	2020.3902	8.9756	0.8397
34587	text mining	-1.0498	-0.0932	1	83	133	31	2020.0968	12.7419	0.7574
34695	things	0.054	0.7696	3	553	3931	465	2020.6946	29.1247	2.0721
34697	things iot	-0.1834	0.2625	3	121	263	26	2020.8846	49.2308	3.5335
34699	things security	0.405	0.8549	3	56	95	10	2020.9	54	3.4682
34719	threat	-0.8901	0.0891	1	425	1812	293	2019.4096	21.1365	1.3326
34725	threat analysis	-0.0671	-0.3392	5	54	77	20	2020.7	5.85	0.5038
34745	threat detection	-0.401	0.5582	4	92	140	34	2019.3235	11.0294	0.8895
34762	threat intelligence	-0.7929	-0.0904	1	159	297	79	2019.7722	9.1266	0.6717
34786	threat modeling	-0.2341	-0.3871	5	121	215	53	2019.7736	13.1698	0.9155
34861	throughput	0.2148	0.1622	4	70	81	12	2021.9167	41.3333	2.4402
34875	time	0.0907	-0.2885	2	178	297	51	2019.4902	27.8824	1.4561
34896	time measurement	0.9656	-0.3208	2	89	121	15	2020.6	26.5333	2.3856
34910	time series	-0.0598	0.4191	4	52	87	25	2019.84	11.84	0.8542
34911	time series analysis	0.2539	0.0684	4	71	106	17	2020.2353	7.2353	0.6652
34980	time-varying systems	0.9918	-0.2756	2	59	81	9	2019.7778	17.3333	1.0911
35052	tool	-0.6809	-0.3371	1	65	87	21	2019.0476	14.0952	0.829
35058	tools	-0.2335	0.1307	4	238	508	65	2020.6308	13.1077	1.0544
35086	topology	0.9065	-0.1958	2	186	336	43	2020.5349	24.6047	1.8799
35103	topsis	-0.465	-0.5673	1	59	93	16	2020.5	11.3125	1.1591
35136	traceability	-0.3253	-0.0568	3	76	131	20	2019.75	48.05	3.203
35150	tracking	0.9275	-0.1398	2	120	185	28	2020.1071	23.1429	1.8961
35151	tracking control	1.0257	-0.1855	2	62	91	14	2022	20	2.1458
35243	training	-0.2003	0.555	4	350	1087	154	2020.6299	13.4545	1.3452
35250	training data	-0.1619	0.8043	4	69	107	12	2021.25	20.3333	1.9595
35312	transfer learning	-0.2244	0.8588	4	114	260	58	2021.3448	44.5345	3.7954
35351	transmission	0.6123	0.2403	3	107	159	28	2018.75	48.4643	2.1322
35362	transmission line measurements	0.9717	-0.5068	2	93	175	20	2021.1	11.1	1.0248
35387	transparency	-0.6612	-0.3671	1	78	114	20	2019.95	19.95	1.178
35400	transportation	0.207	0.0076	3	164	283	33	2021.0303	13.3636	1.4435
35452	trends	-0.6442	-0.1295	1	159	297	46	2020.5	32.2174	2.3523
35533	trust	-0.6931	-0.1544	1	406	1388	226	2019.1504	26.4912	1.4753
35555	trust management	0.4125	0.6251	3	145	292	39	2020.1026	30.7692	2.045
35617	trustworthiness	0.157	0.1838	3	96	148	20	2019.65	16.8	1.4056
35672	tutorials	0.0757	0.2576	4	156	233	17	2020.7059	81.9412	5.6345
35688	twitter	-1.0385	-0.102	1	92	179	49	2019.7551	13.8163	0.9126
35751	uav	0.2696	0.223	3	90	161	35	2019.8	21.1143	1.3849
35835	uncertainty	0.3988	-0.3414	2	263	506	79	2020.1139	15.8228	1.1814
35982	unmanned aerial vehicle	0.2419	0.0986	3	68	99	23	2019.2174	18.5217	0.9957
35987	unmanned aerial vehicles	0.2532	0.2527	3	125	234	37	2020.1892	44.2432	2.8574
36040	unsupervised learning	-0.2375	0.7936	4	97	190	42	2019.9762	15.5714	1.0774
36139	usability	-0.8706	0.0036	1	68	115	29	2018.931	5.1724	0.3634
36147	usable security	-1.0435	-0.0574	1	49	89	28	2019.7143	7.0714	0.4762
36169	user acceptance	-1.0917	-0.3346	1	79	155	25	2020.12	12	0.8057
36176	user authentication	0.5923	0.6814	3	83	163	29	2020.5862	25.4483	2.0007
36251	users	-1.1498	-0.2922	1	104	250	45	2019.3778	24.1778	1.3128
36301	validation	-0.5995	-0.2203	1	136	221	51	2019.5686	10.4902	0.6364
36343	vanet	0.4565	0.5433	3	117	251	40	2020.15	15.475	1.3624
36349	vanets	0.5138	0.504	3	77	132	18	2020.3889	18.8333	1.5472
36408	vehicle	0.6608	0.1888	2	71	100	15	2020.0667	10	0.749
36424	vehicle dynamics	0.9068	-0.0678	2	104	157	18	2021.0556	22.4444	2.1374
36469	vehicles	0.2704	0.3258	3	186	327	43	2020.6279	15.0698	1.1094
36473	vehicular ad hoc networks	0.4901	0.5143	3	132	255	29	2020.6207	14.0345	1.3469
36501	vehicular networks	0.4664	0.5202	3	89	139	20	2020.05	27.45	2.2019
36526	verification	-0.0632	-0.2049	5	153	353	82	2018.8415	17.0854	0.9233
36555	victimization	-1.0431	-0.2072	1	82	166	29	2019.7931	22.5517	1.3182
36679	virtual reality	-0.7281	-0.0532	1	59	97	23	2020.2609	12.4348	1.3221
36699	virtual-reality	-0.7202	-0.0542	1	58	98	11	2021.6364	14.7273	1.4137
36703	virtualization	0.1239	0.1445	5	122	199	42	2018.0952	15.9524	0.9774
36731	vision	0.1909	0.4797	3	83	122	15	2019.8667	80.6	6.068
36741	visual analytics	-0.561	-0.006	1	64	116	38	2017.6316	6.9211	0.3766
36771	visualization	-0.5672	0.0036	1	195	430	96	2018.4062	14.3646	0.8595
36815	voltage	0.9013	-0.3783	2	73	118	18	2020.5	13.8333	1.121
36819	voltage control	0.8616	-0.3913	2	183	416	50	2020.32	30.16	2.057
36825	voltage measurement	0.9494	-0.4147	2	107	200	21	2021.4286	10.2381	1.0477
36891	vulnerability	-0.2576	-0.4356	5	474	1864	349	2018.8997	21.2665	1.2223
36893	vulnerability analysis	0.0951	-0.6279	5	99	158	41	2018.6585	12.9512	0.8303
36898	vulnerability assessment	0.5788	-0.5702	2	233	538	91	2018.7473	25.5385	1.4536
36996	war	-0.8983	-0.2905	1	62	150	43	2017.9302	22.8837	1.1607
37071	watermarking	0.8785	-0.0608	2	120	214	36	2020.8333	16.2222	1.4044
37127	web	-0.8715	0.3035	1	68	106	22	2017.4545	40.1818	1.6913
37180	web security	-0.7284	0.6458	4	44	78	32	2018.1875	12.375	0.6642
37433	wireless	0.5301	0.368	3	132	245	39	2018.5385	25.2821	1.3049
37450	wireless communication	0.6087	0.2985	3	229	578	68	2020.4265	15.9412	1.3756
37454	wireless communications	0.5035	0.386	3	79	104	10	2019.6	22.9	2.3963
37476	wireless networks	0.5705	0.325	3	186	372	47	2019.5106	28.5957	1.8059
37486	wireless sensor network	0.5098	0.6716	3	83	141	28	2018.3214	36.0357	1.6728
37489	wireless sensor networks	0.5866	0.4214	3	379	1279	170	2019.0294	54.0882	2.7101
37536	work	-1.0182	-0.2516	1	63	91	20	2018.75	8.45	0.4652
37627	wsn	0.4467	0.7764	3	86	171	27	2019.2222	33.6667	2.0311
