id	label	x	y	cluster	weight<Links>	weight<Total link strength>	weight<Occurrences>	score<Avg. pub. year>	score<Avg. citations>	score<Avg. norm. citations>
7	'current	-0.2182	-0.1528	4	289	614	76	2020.6447	14.8289	0.8535
89	3d printers	0.1193	-0.453	5	203	596	69	2019.0435	38.971	1.5741
120	5g	0.0101	0.3959	4	228	549	56	2020.25	23.1071	1.0001
131	5g mobile communication systems	-0.0036	0.4078	4	455	1744	172	2020.4244	29.8488	1.3934
332	access control	-0.0287	-0.0853	4	608	2527	301	2017.7475	24.6179	0.8769
378	accident prevention	0.2846	-0.4467	5	502	2134	222	2017.8874	30.6081	1.0713
382	accidents	0.3299	0.506	4	199	401	40	2018.675	28.525	1.0448
647	actuators	0.8736	0.3231	2	279	880	94	2018.4468	37.7447	1.3755
698	adaptive boosting	-0.9791	0.8086	3	241	775	60	2020.5167	30.95	1.3861
711	adaptive control systems	0.9807	0.4065	2	270	822	82	2019.1585	27.3293	1.1577
820	adaptive systems	0.3362	0.2086	2	213	352	37	2015.7568	27.3243	0.8688
859	additive manufacturing	0.123	-0.4527	5	120	354	49	2019	35.0408	1.3845
929	adult	-0.8812	-0.8088	1	256	1245	100	2019.38	29.73	1.1531
937	advanced analytics	-0.4412	0.0173	4	197	453	46	2019.8478	23.9783	1.056
974	advanced metering infrastructure	1.1191	-0.1953	2	165	438	38	2018.3158	52.9737	1.8068
977	advanced metering infrastructures	1.115	-0.2054	2	365	1439	135	2017.7926	35.2815	1.2004
983	advanced persistent threat	-0.6684	0.3283	3	228	534	74	2018.9595	24.7568	0.9559
1048	adversarial machine learning	-0.8336	0.3996	3	205	512	55	2020.4	34.1455	1.4801
1057	adversarial networks	-0.5436	0.8136	3	220	539	57	2020.1228	35.8246	1.5103
1305	agricultural robots	-0.0548	-0.0127	4	262	535	48	2020.1875	30.9375	1.3801
1386	air navigation	0.3886	0.4519	4	163	341	41	2017.6585	21.4634	0.7622
1402	air traffic control	0.3798	0.4448	4	211	409	52	2017.7692	20.1346	0.683
1443	aircraft detection	0.4016	0.515	4	223	596	52	2018.8269	37.9231	1.3753
1484	alarm systems	-0.4613	0.4977	3	213	419	42	2017.1905	36.5238	1.2852
1532	algorithm	-0.7146	-0.0395	1	457	1610	126	2020.4683	26.5476	1.2083
1569	algorithms	-0.5897	0.1471	3	583	2186	202	2015.5	30.6535	0.9707
1876	android	-0.9021	0.37	3	180	420	40	2017.525	19.85	0.7355
1877	android (operating system)	-0.9073	0.3894	3	290	1224	122	2018.918	24.5492	0.9858
1899	android malware	-0.9195	0.409	3	149	500	47	2019.9787	25.5745	1.1086
1970	anomaly based intrusion detection systems	-0.571	0.9946	3	173	466	37	2019.5405	53.1351	2.0859
1977	anomaly detection	-0.3473	0.7544	3	824	8510	852	2019.1714	30.034	1.1746
1989	anomaly detection methods	-0.2908	0.7629	3	248	588	59	2018.8136	26.6441	1.039
1997	anomaly detection systems	-0.2225	0.773	3	261	679	64	2018.5312	31.2344	1.1249
2080	antennas	0.4064	0.4924	4	404	1423	139	2019.3525	41.4532	1.6918
2279	application programming interfaces (api)	-0.6353	0.1855	3	164	331	38	2017.5	29.6579	1.0492
2280	application programs	-0.2802	-0.126	5	553	1936	220	2017.85	21.1	0.7369
2461	architecture	0.0307	-0.2782	4	352	845	101	2017.4455	53.3366	1.6342
2564	article	-0.8214	-0.7629	1	656	4072	354	2019.2655	29.4124	1.2124
2595	artificial intelligence	-0.618	0.1045	3	904	9473	1052	2018.8973	37.7405	1.4936
2631	artificial neural network	-0.7393	0.5136	3	246	587	50	2020.02	40.06	1.872
2856	attack	-0.0927	0.0313	4	511	1490	174	2018.6954	32.3966	1.2584
2889	attack detection	0.2135	0.8124	3	658	3617	341	2019.6628	28.3695	1.1924
2912	attack graph	0.2308	-0.5111	5	285	937	117	2017.2564	24.359	0.7984
2981	attack scenarios	0.6175	-0.0812	2	265	546	62	2016.4839	25.8387	0.8137
2994	attack strategies	0.8278	0.4076	2	225	462	58	2018.3621	29.7586	1.0844
3017	attack tree	0.2928	-0.5039	5	217	521	56	2016.5893	37.6786	1.152
3023	attack vector	-0.0818	-0.3863	1	199	385	47	2019.4681	26.9149	1.1011
3208	augmented reality	-0.2364	-0.6372	1	184	382	47	2019.617	32.617	1.5338
3235	authentication	0.1493	0.2396	4	741	4995	618	2018.6796	22.2961	0.8769
3264	authentication scheme	0.2091	0.248	4	149	360	41	2019.3659	17.9024	0.8153
3309	auto encoders	-0.5829	0.8979	3	288	946	81	2020.679	26.0864	1.1932
3336	autoencoder	-0.5924	0.9091	3	195	509	51	2020.4706	25.1176	1.1316
3501	automatic generation control	1.2683	0.3381	2	142	413	42	2017.9524	41.3095	1.3616
3560	automation	0.1034	-0.0765	4	830	5984	599	2018.3406	32.0017	1.1607
3603	automobile manufacture	0.2634	0.5203	4	203	467	50	2018.56	37.04	1.2594
3612	automobiles	0.2696	0.4053	5	177	346	34	2017.1765	31.4118	1.0316
3613	automotive	0.2432	0.4045	5	176	478	59	2018.5932	18.0169	0.6411
3639	automotive industry	0.2228	0.4558	4	215	619	67	2019.0896	19.5821	0.7734
3690	autonomous agents	0.3981	-0.083	2	172	325	38	2017.5263	18.9211	0.6796
3779	autonomous vehicles	0.299	0.5327	4	395	1407	166	2019.5	30.1928	1.2082
3814	availability	0.2518	-0.2507	5	236	431	51	2018.2353	30.2157	1.0429
3875	awareness	-0.6833	-0.8019	1	237	662	84	2018.2143	19.8452	0.7504
3980	bad data detections	1.161	0.2094	2	191	730	71	2017.5211	70.0423	2.1604
4029	bandwidth	0.6895	0.4376	2	213	409	41	2018.1951	28.6585	1.1169
4230	bayesian networks	0.2823	-0.1203	5	416	1150	121	2017.7273	33.1653	1.1427
4380	behavioral research	-0.6502	-0.3502	1	582	2400	305	2018.3967	26.518	0.9129
4455	benchmark datasets	-0.6705	0.7962	3	169	400	42	2019.2857	36.619	1.4718
4464	benchmarking	-0.4609	0.674	3	426	1168	110	2019.3364	23.9	1.015
4606	big data	-0.4768	0.0376	4	744	5203	594	2018.2306	39.6852	1.3789
4611	big data analytics	-0.453	0.0248	4	165	366	41	2018.878	31.2927	1.1688
4801	bioinformatics	-0.7388	-0.3917	1	223	396	38	2018.4211	21.2368	0.774
4859	biomedical equipment	-0.605	-0.6556	1	213	438	47	2016.766	47.4043	1.5321
4911	biometrics	-0.5737	0.1972	3	258	596	87	2018	20.908	0.7606
5052	block-chain	0.0788	0.1911	4	459	2399	217	2021.4101	28.9078	1.5015
5056	blockchain	0.0222	0.1339	4	750	6447	768	2020.2826	33.8424	1.4794
5245	botnet	-0.706	0.6723	3	482	2637	282	2017.9929	32.7624	1.1899
5257	botnet detection	-0.7196	0.6931	3	154	488	52	2017.5192	29.6346	1.1345
5260	botnet detections	-0.7166	0.6904	3	212	739	74	2017.9595	31.7838	1.1408
5330	brain	-0.4724	0.9475	3	250	636	52	2020.3077	37.5385	1.5034
5476	budget control	0.446	-0.255	2	379	1003	117	2018.3846	26.8462	0.9407
5745	c (programming language)	0.1874	-0.3316	5	171	334	42	2017.0238	30.5952	1.0183
6069	cascading failures	1.2037	-0.1059	2	208	674	70	2017.9143	23.2714	0.8042
6094	case-studies	0.0091	-0.5785	5	233	434	59	2019.1525	20.0678	0.8814
6492	charging (batteries)	1.0133	0.0166	2	167	361	39	2020.2564	27.7949	1.2912
6801	classification	-0.9032	0.4748	3	386	1343	132	2018.803	44.947	1.5503
6802	classification (of information)	-0.8871	0.6248	3	699	5931	531	2019.4087	34.8908	1.3774
6805	classification accuracy	-0.8765	0.6632	3	254	648	59	2018.8305	30.339	1.1137
6807	classification algorithm	-0.964	0.5423	3	278	773	61	2019.1475	37.623	1.4739
6835	classification models	-0.8386	0.5807	3	205	476	46	2019.6739	30.3913	1.293
7001	closed loop control systems	1.0227	0.3407	2	202	457	42	2018.5238	42.119	1.4912
7006	closed loop systems	1.0381	0.4271	2	129	433	50	2019.76	42.08	1.5889
7026	cloud	-0.2591	-0.2305	4	298	747	74	2018.2297	30.0135	1.0705
7048	cloud computing	-0.2807	0.0503	4	729	4702	520	2017.9327	35.3058	1.2792
7082	cloud environments	-0.3963	0.4096	4	169	401	41	2018.8537	20.8049	0.8094
7120	cloud securities	-0.3452	0.3559	4	189	452	46	2018.6087	21.8478	0.8605
7121	cloud security	-0.3419	0.3586	4	258	670	69	2019.7246	15.6377	0.7037
7164	cloud-computing	-0.3276	0.377	4	325	1032	84	2021.1786	15.5357	0.9596
7187	clouds	-0.2542	-0.2307	4	219	495	50	2016.94	33.1	1.1017
7220	clustering	-0.6937	0.4929	3	255	583	62	2018.0645	40.5323	1.4194
7222	clustering algorithms	-0.6209	0.4994	3	331	797	83	2018.1446	28.9157	1.0561
7259	cnn	-0.6613	0.9394	3	182	427	40	2020.375	27.75	1.1953
7379	codes (symbols)	-0.2771	-0.0675	5	327	843	100	2017.7	31.73	0.9633
7501	cognitive systems	-0.3135	-0.2592	1	268	603	66	2017.5	27.1212	0.9606
7767	command and control	-0.6748	0.3049	3	267	742	80	2016.925	24.7125	0.8145
7778	command and control systems	-0.6511	0.2751	3	262	620	66	2016.5909	22.5152	0.6808
7792	commerce	-0.0923	-0.5242	1	430	1354	171	2017.9298	29.8187	1.038
7911	communication	0.4393	-0.1724	2	480	1322	152	2015.1776	51.2895	1.5405
7935	communication channels (information theory)	0.6722	0.2774	2	205	362	38	2017.9474	24.7105	0.9244
7973	communication infrastructure	0.9325	-0.0816	2	286	673	69	2017.2174	52.1159	1.58
8061	communication systems	0.4769	-0.4335	5	204	440	50	2011.34	38.36	1.038
8063	communication technologies	0.5747	0.0549	2	380	965	98	2017.5714	51.051	1.6589
8092	communications networks	1.0259	0.2637	2	253	566	49	2019.4082	16.7755	0.8867
8142	comparative analysis	-0.7705	0.4938	3	247	557	54	2019.2963	28	1.0526
8203	competition	-0.1053	-0.6117	1	254	560	70	2017.1857	28.2571	0.9833
8314	complex networks	0.3047	0.1676	2	685	3128	339	2017.3717	28.8083	0.9757
8426	comprehensive analysis	-0.039	0.2218	4	195	348	37	2019.1622	48.5405	1.7733
8504	computation theory	0.3641	-0.0163	2	603	2337	248	2017.9153	28.6573	0.987
8534	computational efficiency	0.7139	0.2896	2	202	352	36	2018.3611	27.1389	1.0334
8566	computational model	0.3369	-0.0294	2	194	369	35	2017.5714	50.6	1.7112
8568	computational modelling	-0.389	0.5649	3	226	484	39	2022.0513	15.1282	1.1519
8588	computational resources	0.3429	0.7289	5	177	347	38	2018.7105	26.2632	0.9611
8621	computer aided design	0.3754	-0.2902	5	169	353	45	2016.9778	44.9333	1.3238
8624	computer aided instruction	-0.4215	-0.6618	1	171	345	37	2019.1892	18.3243	0.7392
8640	computer architecture	0.1415	0.1231	4	546	2060	203	2017.7438	40.7291	1.47
8653	computer circuits	0.4744	-0.2099	5	361	988	94	2018.5638	27.7766	1.0117
8656	computer communication networks	-0.7819	-0.8434	1	151	359	27	2017.4444	22.5185	0.825
8661	computer control systems	0.658	-0.2923	5	408	1243	108	2016.9444	38.287	1.246
8663	computer crime	-0.142	0.4373	3	994	37490	3808	2017.4703	30.5953	1.0921
8681	computer forensics	-0.7607	-0.1113	1	291	869	105	2016.9619	19.2	0.6765
8685	computer games	-0.3384	-0.3952	1	226	525	56	2017.6071	28.6964	0.9726
8690	computer hardware	0.1972	-0.0193	5	310	729	75	2016.92	21.6933	0.7077
8714	computer network	-0.7798	-0.8405	1	192	481	41	2016.2195	23.4146	0.777
8736	computer networks	-0.3457	0.0126	3	489	1567	215	2014.7349	26.586	0.7796
8742	computer operating systems	-0.2493	-0.1034	5	287	685	82	2015.7073	19.3049	0.621
8750	computer privacy	-0.2002	-0.5269	5	354	1099	113	2016.6726	34.4159	1.045
8754	computer programming	-0.4182	-0.5444	1	188	381	60	2017.8	16.0167	0.5228
8758	computer science	-0.4301	-0.5968	1	255	765	148	2015.8716	23.25	0.7492
8773	computer security	-0.8059	-0.7896	1	764	6431	608	2018.0559	31.1546	1.1399
8790	computer simulation	-0.1114	-0.4658	1	360	813	88	2013.5909	42.4091	1.2245
8794	computer software	-0.1294	-0.4123	5	462	1273	147	2014.8095	23.5442	0.7322
8803	computer system firewalls	-0.4225	0.0918	3	505	1732	184	2015.9293	29.0924	0.9228
8807	computer systems	-0.214	-0.445	1	198	323	34	2010.5	58.8824	1.5354
8822	computer viruses	-0.7353	0.0654	3	524	1941	220	2016.0227	26.6682	0.8248
8853	computers	-0.4734	-0.5046	1	434	1385	203	2016.6256	25.0837	0.8331
9068	confidential information	-0.8984	-0.0271	1	244	539	54	2018.037	21.0926	0.7724
9069	confidentiality	-0.8163	-0.8585	1	250	809	79	2018.3038	36.2025	1.331
9636	control	0.8382	-0.2994	2	188	351	39	2017.0256	63.1026	1.9804
9787	control system	0.6297	-0.1804	2	252	586	49	2017.7959	33.551	1.2685
9789	control system analysis	0.623	-0.5184	5	286	805	79	2016.481	34.9367	1.1716
9805	control system synthesis	0.231	0.6647	5	329	1316	118	2018.9576	28.2458	1.0685
9806	control systems	0.617	-0.4367	5	739	5190	514	2016.8327	35.2549	1.108
9813	control theory	0.7771	-0.0413	2	275	783	80	2015.5625	49.8875	1.5669
9853	controlled study	-0.8832	-0.7881	1	177	460	40	2018.825	35.725	1.2892
9860	controller area network	0.2261	0.6706	5	202	774	71	2019.0282	28.8732	1.0837
9891	controllers	0.9522	0.3846	2	563	3443	335	2019.1701	26.2448	1.0506
9971	convolution	-0.7479	0.9138	3	366	1718	143	2020.4545	32.7622	1.4443
9973	convolution neural network	-0.7518	0.8835	3	190	424	37	2020.3243	30.5135	1.4179
9986	convolutional neural network	-0.7532	0.9266	3	401	1836	152	2020.4868	38.1842	1.6496
9996	convolutional neural networks	-0.7612	0.9058	3	422	2061	176	2020.8239	30.892	1.4511
10245	correlation methods	-0.7182	0.3993	3	232	445	45	2017.4889	19.3556	0.6943
10287	cost benefit analysis	0.0269	-0.5522	1	261	551	60	2018.2667	19.5167	0.7178
10295	cost effectiveness	0.1473	0.0459	4	534	1602	165	2018.3515	33	1.2319
10327	costs	0.4169	-0.2195	2	411	1124	124	2017.379	27.4677	0.942
10456	covid-19	-0.8515	-0.7478	1	254	745	110	2021	33.5273	1.6283
10572	crime	0.584	0.2406	2	989	22307	2233	2018.2584	29.2463	1.0886
10703	critical infrastructure	0.4773	-0.6451	5	731	5271	553	2016.5642	24.3146	0.7844
10711	critical infrastructure protection	0.7037	-0.5627	5	336	971	104	2016.2788	25.6346	0.8193
10769	critical systems	0.294	-0.6018	5	213	370	44	2015.9545	15.0227	0.5402
10975	cryptography	-0.0622	0.1342	4	858	7524	887	2018.3653	27.6731	1.0415
11176	curricula	-0.4294	-0.7009	1	246	839	125	2016.176	14.632	0.4877
11391	cybe-physical systems	0.6298	0.3099	2	544	2494	227	2021.1322	18.1542	0.9971
11412	cyber	-0.4397	-0.7751	1	212	429	69	2016.8551	18.2754	0.5824
11436	cyber attack	0.537	0.2258	2	992	23342	2569	2018.4212	26.3881	1.0026
11463	cyber attackers	-0.4671	-0.0424	1	240	489	65	2018.4615	14.3231	0.5588
11465	cyber attacks	0.9193	0.255	2	799	6457	597	2018.5293	23.1809	0.9846
11506	cyber crime	-0.8793	-0.1861	1	167	467	73	2015.2192	30.3836	0.9115
11515	cyber criminals	-0.9613	-0.0616	1	290	938	124	2016.9758	20.7903	0.7284
11539	cyber defense	-0.3121	-0.3122	1	396	1309	196	2016.2398	22.0816	0.7384
11623	cyber infrastructures	0.2815	-0.188	1	417	965	110	2015.9364	30.3727	1.0039
11715	cyber physicals	0.8515	-0.1269	2	665	3975	402	2018.5348	28.5995	1.0371
11742	cyber resilience	0.366	-0.5561	5	228	433	61	2018.7541	16.918	0.6643
11759	cyber risk	-0.0661	-0.7684	1	154	332	62	2019.6935	18.7258	0.8069
11979	cyber threat	-0.5056	-0.227	1	748	4447	568	2018.3609	23.868	0.8991
11990	cyber threat intelligence	-0.8409	0.0561	1	262	846	116	2019.7155	23.8534	0.9692
12019	cyber vulnerabilities	0.8572	-0.2536	2	309	715	72	2017.5694	26.4167	0.8968
12026	cyber warfare	-0.7222	-0.2383	1	145	330	54	2015.3148	24.9444	0.6905
12050	cyber-attack detection	0.6381	0.4951	2	196	393	36	2019.3889	34.6111	1.3153
12098	cyber-crimes	-0.8865	-0.1738	1	396	1674	205	2017.4732	21.3366	0.7964
12160	cyber-physical attack	0.7892	0.0078	2	176	393	36	2018.6944	23.9722	0.8403
12162	cyber-physical attacks	0.7269	-0.3357	5	172	415	37	2018.6216	30.6486	1.087
12223	cyber-physical securities	0.8976	-0.0238	2	546	2479	248	2018.1694	42.0161	1.3949
12224	cyber-physical security	0.9142	-0.0168	2	398	1346	142	2018.7606	34.8451	1.238
12236	cyber-physical system	0.6447	-0.0488	2	965	26548	2946	2018.3384	35.4779	1.2455
12245	cyber-physical system securities	0.8249	-0.0903	2	227	504	59	2017.339	44.4915	1.4197
12319	cyber-security educations	-0.4234	-0.6974	1	236	916	153	2017.9085	14.0065	0.4883
12399	cyberattack detection	-0.1836	0.8269	3	191	369	37	2020.3514	23.1081	1.0651
12428	cybercrime	-0.842	-0.4408	1	448	1960	293	2017.4505	24.5188	0.8939
12450	cybercriminals	-0.9263	-0.2079	1	192	432	51	2019.1569	25.4902	1.0849
12479	cybernetics	-0.3637	-0.5204	1	234	516	73	2009.6438	24.3836	0.6245
12520	cybersecurity	-0.1535	-0.1344	1	999	70550	9580	2018.3819	26.3653	0.9789
12620	cybersecurity education	-0.4226	-0.6998	1	119	367	68	2018.5735	14.7353	0.5505
12841	cyberspace	-0.4884	-0.512	1	210	530	91	2016.7802	17.2637	0.5974
12860	cyberspaces	-0.4905	-0.4982	1	459	1604	195	2016.441	17.5744	0.6356
12972	damage detection	-0.3902	0.3021	3	321	798	78	2018.0128	32.4359	1.1574
13038	data acquisition	0.6624	-0.3508	5	613	2415	219	2017.0183	34.6164	1.2281
13049	data analysis	-0.8401	-0.6159	1	187	376	35	2018.3714	16.0286	0.6599
13057	data analytics	-0.438	0.0287	4	486	1790	178	2019.1573	31.4607	1.2815
13130	data collection	-0.8713	-0.5867	1	192	378	49	2017.6531	19.0408	0.6822
13144	data communication systems	0.5031	-0.0046	4	392	1033	103	2017.8544	24.8447	0.9234
13195	data driven	0.5426	0.5185	2	219	409	39	2020.5897	35.4103	1.6216
13246	data fusion	0.2561	0.1465	4	223	455	56	2015.3929	34.5	1.1252
13261	data handling	-0.3598	-0.0344	4	351	836	95	2016.6947	36.9789	1.2646
13276	data integrity	0.6322	0.1741	2	293	688	70	2017.6857	25.1857	0.869
13327	data mining	-0.7743	0.2338	3	671	3991	428	2017.6449	39.4977	1.3686
13385	data privacy	-0.3968	-0.1298	4	772	5441	608	2018.0329	33.1678	1.2165
13395	data processing	-0.4147	-0.4162	1	221	386	36	2016.0833	48.7778	1.5889
13428	data reduction	-0.6524	-0.1358	1	211	420	45	2016.9111	31.8667	1.0187
13460	data security	-0.2732	-0.3197	1	295	641	88	2017.7955	21.0682	0.8557
13486	data sharing	-0.2866	0.2049	4	294	760	85	2019.2588	29.7647	1.2173
13513	data streams	-0.3464	0.2817	3	194	369	41	2019.5854	16.5122	0.6525
13517	data structures	-0.2158	0.0645	1	212	360	38	2016.6316	25.7632	1.0531
13536	data transfer	0.311	0.0108	4	345	826	89	2018.7753	26.2247	1.1286
13560	data visualization	-0.6481	-0.1935	1	355	1048	108	2017.3056	24.8056	0.8771
13662	database systems	-0.5906	-0.174	1	241	456	60	2015.7667	23.9833	0.8168
13681	dataset	-0.8558	0.8106	3	181	404	36	2019.7778	29.0833	1.2303
13878	deception	-0.8105	-0.6754	1	192	501	60	2017.2167	33.9667	1.2505
13922	decision making	-0.1665	-0.3473	1	811	5246	600	2018.3983	25.8083	0.9707
13963	decision support systems	-0.2249	-0.3492	1	417	1167	134	2017.097	22.8209	0.7743
13972	decision theory	0.4467	-0.0542	2	299	836	96	2016.9688	25.8438	0.8294
13986	decision trees	-0.9671	0.6917	3	624	4984	406	2019.8103	30.7537	1.2961
14078	deep learning	-0.6108	0.8381	3	833	12147	1161	2020.5099	38.8562	1.725
14080	deep learning (dl)	-0.4743	0.7744	3	166	411	33	2021.697	31.3636	1.8959
14113	deep neural network	-0.6515	0.7578	3	159	361	34	2020.2059	21.5588	1.0267
14116	deep neural networks	-0.6556	0.8247	3	546	3300	290	2020.0931	39.5276	1.6806
14212	defense mechanism	0.3759	0.1664	2	337	814	97	2017.3402	35.5876	1.2073
14233	defense strategy	0.7372	0.1027	2	250	620	77	2018.4935	27.7143	1.0336
14327	delay control systems	1.1947	0.348	2	165	456	42	2019.6905	21.881	1.057
14374	delivery of health care	-0.8558	-0.8515	1	238	913	65	2020.2154	36.7538	1.5795
14398	demand response	1.0401	-0.0088	2	206	510	50	2017.7	35.1	1.259
14456	denial of service	0.0118	0.7817	3	742	5671	581	2018.4682	35.3821	1.2541
14475	denial-of-service attack	0.1598	0.7698	3	862	9969	971	2019.1102	31.5139	1.2002
14483	denialof- service attacks	0.6579	0.8045	2	324	1297	117	2021.1026	15.9915	1.0395
14621	design	0.1892	-0.3727	5	416	1073	127	2016.2677	28.8268	0.9114
14629	design and implementations	0.132	-0.2504	5	333	668	79	2018.1013	26.8608	0.9321
14750	design/methodology/approach	-0.3512	-0.635	1	203	418	55	2018.4182	18.8364	0.6958
14787	detection	-0.5131	0.1223	1	361	898	87	2019.5172	19.5172	0.7899
14791	detection accuracy	-0.5964	0.6922	3	364	997	93	2019.2903	27.5699	1.1197
14792	detection algorithm	0.7167	0.5776	2	253	574	55	2019.3455	30.4545	1.1362
14809	detection approach	-0.5317	0.5812	3	215	453	44	2019.0455	27.0682	1.1122
14823	detection mechanism	-0.033	0.7996	3	278	643	63	2018.7937	26.5238	1.0032
14824	detection method	0.4621	-0.1102	2	176	365	37	2020.4865	19.5946	0.9061
14825	detection methods	-0.2724	0.8217	3	327	883	100	2018.93	28.49	1.0958
14837	detection performance	-0.572	0.794	3	230	576	62	2019.5484	25.9194	1.0648
14848	detection rates	-0.8234	0.8373	3	213	575	55	2018.3636	26.6727	1.0749
14859	detection system	-0.7831	0.5867	3	264	676	73	2018.4384	30.7671	1.1791
15088	diagnosis	-0.7574	-0.4663	1	230	517	51	2019.9216	23.7451	1.1741
15144	different attacks	0.5692	0.3433	2	282	594	63	2018.6825	30.9365	1.1119
15270	digital communication systems	0.6715	-0.2149	2	192	353	33	2017.697	42.9091	1.4246
15302	digital devices	-0.3171	-0.1241	1	362	976	102	2018.6373	20.6471	0.8592
15352	digital forensics	-0.7673	-0.102	1	428	1496	185	2018.4757	20.2	0.7643
15501	digital storage	-0.0987	0.1633	4	795	4805	493	2018.9351	30.4706	1.1993
15512	digital technologies	-0.017	-0.6576	1	203	387	60	2019.7667	37.45	1.4925
15523	digital transformation	-0.1028	-0.684	1	235	549	78	2020.0769	31.9872	1.4641
15527	digital twin	0.1511	-0.5163	5	275	647	75	2020.7067	30.96	1.4226
15580	dimensionality reduction	-0.7688	0.7416	3	187	434	38	2019.6316	40.5263	1.6253
15653	disasters	0.7259	-0.2546	2	225	421	51	2017.902	34.7451	1.2776
15697	discrete event simulation	0.6941	0.0341	2	133	328	48	2017.5625	21.5	0.7872
15910	distributed computer systems	-0.0042	0.0934	4	649	3131	314	2016.3854	42.551	1.3806
15918	distributed control	1.0873	0.1489	2	234	742	77	2018.8052	62.7792	2.2031
15954	distributed database systems	-0.0895	0.1003	4	234	515	60	2017.75	23.9667	0.8169
15961	distributed denial of service	-0.3483	0.9154	3	425	1951	173	2019.4046	30.6185	1.2429
15965	distributed denial of service attack	-0.2684	0.7221	3	425	1692	168	2017.7976	28.5774	1.0288
16009	distributed energy resources	1.1052	0.0298	2	293	993	99	2019.3232	26.202	1.006
16099	distributed ledger	0.1607	0.0922	4	182	474	52	2021.1346	19.9615	1.2141
16149	distributed parameter control systems	1.0728	0.146	2	350	1232	115	2018.0261	51.4	1.7731
16232	distributed systems	0.2936	0.0705	4	202	440	53	2017.0755	45.8113	1.3848
16311	distribution systems	1.066	-0.0363	2	215	514	55	2018.7273	30.3455	1.113
16676	drones	0.3861	0.4938	4	266	659	70	2019.3	46.3571	1.7071
17093	dynamical systems	0.9113	0.3346	2	161	346	41	2017.4146	37.8537	1.2667
17095	dynamics	0.7814	0.2632	2	431	1283	141	2018.078	30.5603	1.0707
17162	e-learning	-0.648	-0.2829	1	444	1395	147	2019.0408	19.4762	0.8142
17168	e-mail	-0.8954	-0.8034	1	108	386	27	2018.0741	22.7407	0.8094
17306	economic and social effects	0.1463	-0.1287	4	510	1388	163	2018.3129	37.4908	1.3324
17404	economics	0.0088	-0.6826	1	462	1472	172	2017.1047	38.9651	1.3129
17430	ecosystems	-0.2918	-0.1862	4	363	874	93	2019.2366	23.8065	0.9744
17450	edge computing	-0.2	0.4496	4	383	1387	146	2020.0753	32.1849	1.3795
17504	education	-0.4654	-0.7007	1	409	1534	219	2016.6758	19.9726	0.6637
17512	education computing	-0.4218	-0.691	1	211	661	93	2017.8817	13.6667	0.4829
17644	efficiency	-0.069	0.3364	4	365	849	90	2019.3889	33.6	1.3095
17746	electric control equipment	1.2919	0.3478	2	177	722	55	2019.4727	33.3273	1.366
17768	electric fault currents	1.2079	-0.1224	2	187	610	58	2017.5172	32.7069	1.0587
17773	electric frequency control	1.2875	0.3495	2	167	720	58	2019.5172	37.6552	1.484
17783	electric inverters	1.146	0.0723	2	162	446	46	2020.0217	18.6304	0.8145
17785	electric lines	1.2358	-0.0045	2	159	423	38	2018.9211	33.1316	1.1712
17786	electric load dispatching	1.0558	0.098	2	192	512	49	2019	25.102	1.0062
17788	electric load flow	1.1867	-0.041	2	286	1114	112	2018.4107	23.4375	0.827
17791	electric load management	1.2877	0.3454	2	236	893	73	2019.3562	42	1.6
17799	electric network analysis	1.0242	-0.0616	2	223	552	60	2015.75	29.85	0.9344
17812	electric power distribution	1.0715	-0.136	2	327	1025	97	2015.1443	42.268	1.2683
17820	electric power grids	1.0334	-0.178	2	210	477	41	2016.8293	29.3415	1.0465
17824	electric power measurement	1.1025	-0.1716	2	211	568	45	2016.6889	50.4444	1.7676
17837	electric power system control	1.204	0.1145	2	616	4322	353	2018.5496	29.9688	1.0909
17838	electric power system economics	1.1232	-0.0482	2	182	408	33	2017.2424	53.1212	1.703
17840	electric power system measurement	1.2525	0.1417	2	148	364	28	2018.2143	44.2143	1.4683
17842	electric power system protection	1.0491	-0.2511	2	373	1742	153	2017.915	30.8627	1.059
17844	electric power system security	1.133	-0.0816	2	450	1906	161	2017.7267	39.795	1.2932
17846	electric power systems	0.9958	-0.1484	2	352	1059	105	2015.2381	39.4857	1.1635
17849	electric power transmission	1.1962	-0.0207	2	359	1409	126	2018.0714	44.0952	1.4936
17850	electric power transmission networks	1.0741	-0.0738	2	863	16342	1490	2018.4201	32.4409	1.1622
17863	electric substations	1.0102	-0.2895	2	317	1223	110	2017.2182	25.4091	0.8605
17873	electric utilities	0.9924	-0.0851	2	330	989	96	2016.875	27.5312	0.9132
17894	electric vehicles	1.0148	0.0121	2	258	726	74	2019.2973	31.1351	1.2959
18102	electronic commerce	-0.3883	-0.4817	1	210	448	67	2012.7761	23.5075	0.6585
18114	electronic control units	0.2205	0.6555	5	189	543	49	2018.6531	26.4898	1.0193
18120	electronic crime countermeasures	-0.7735	-0.1094	1	306	1041	122	2017.1557	16.6721	0.6009
18123	electronic data interchange	0.5217	0.0368	4	381	988	97	2019.3505	27.7216	1.107
18150	electronic health record	-0.8635	-0.839	1	187	686	58	2019.3793	31.1552	1.2298
18154	electronic health records	-0.8646	-0.8431	1	143	497	42	2019.0238	30.4762	1.1449
18168	electronic mail	-0.9605	-0.4333	1	342	1258	127	2018.1024	26.4094	0.9426
18180	electronic money	-0.8528	-0.2866	1	148	332	42	2018.0476	49.5952	1.7414
18352	embedded systems	0.5316	-0.0577	5	972	26039	2824	2018.1516	35.8477	1.246
18370	embeddings	-0.7365	0.2963	3	210	400	50	2020.2	21.12	0.9043
18446	emerging technologies	-0.0877	-0.2497	4	308	739	81	2018.8642	37.716	1.5055
18536	enabling technologies	-0.0046	-0.0368	4	241	475	47	2018.9787	106.5106	3.9031
18576	encryption	-0.2519	-0.1808	4	304	795	98	2018.6224	28.9184	1.0926
18676	energy	0.4804	0.0456	2	239	556	53	2020.1698	27.717	1.1628
18691	energy conservation	0.4454	0.016	4	186	324	35	2018.5429	42.0286	1.5594
18727	energy efficiency	0.4441	0.1847	4	474	1734	178	2018.4326	38.1854	1.4311
18762	energy management	0.9488	0.0678	2	310	803	70	2018.5286	36.2143	1.4621
18769	energy management systems	1.0056	0.0853	2	278	840	70	2018.9714	31.8	1.2055
18798	energy resources	1.0982	0.0291	2	336	1348	133	2018.594	30.6842	1.0651
18809	energy storage	1.1184	0.0512	2	160	415	37	2019.5135	27.7568	1.1938
18840	energy utilization	0.4218	0.2187	4	442	1623	158	2018.9494	36.1013	1.3877
18896	engineering education	-0.4008	-0.6852	1	346	1157	139	2017.8993	22.7338	0.8477
18927	engineering research	-0.3762	-0.6289	1	228	465	50	2017.38	25.86	0.8842
18943	engines	-0.2895	0.256	3	207	343	40	2018.15	33.675	1.1805
18990	ensemble learning	-0.9763	0.7627	3	240	697	70	2020.2429	25.7714	1.1654
19053	enterprise networks	-0.3438	0.2104	3	251	503	67	2016.6567	19.1343	0.6113
19096	entropy	-0.4301	0.1503	1	223	428	52	2018.8269	18.7885	0.7528
19276	equipment testing	0.7693	-0.4909	5	210	431	37	2016.1622	21.4865	0.6781
19303	error detection	-0.514	0.1132	1	208	398	38	2017.5789	27.6579	0.9036
19328	errors	-0.2948	0.6161	3	364	928	88	2018.8636	31.5795	1.282
19365	estimation	0.8924	0.4399	2	226	582	66	2017.3182	64.8788	2.1185
19398	ethereum	0.0368	0.169	4	176	360	41	2020.2927	19.8049	1.0192
19577	evaluation results	-0.4503	0.3723	3	232	443	52	2018.4231	31.6731	1.1351
19671	event-triggered	1.0997	0.4449	2	132	617	63	2021.3175	25.7937	1.3624
19676	event-triggered controls	1.0864	0.448	2	104	340	33	2020.9394	33.7879	1.5851
19738	evolutionary algorithms	-0.2026	0.5783	3	183	333	41	2018.3171	34.6585	1.3191
19903	experimental evaluation	-0.0979	0.4053	4	265	554	62	2017.4194	37.4677	1.2387
20100	extensive simulations	0.715	0.3265	2	233	482	54	2017.3889	34.4444	1.2059
20152	extraction	-0.8418	0.6122	3	273	727	72	2019.7222	23.9028	1.0559
20183	extreme learning machine	-0.7915	0.5338	3	166	372	33	2019.4545	32.2727	1.2118
20269	factory automation	0.4638	-0.5227	5	186	335	40	2016.9	22.65	0.724
20293	failure analysis	0.7036	-0.1677	2	206	387	38	2016.5	38.6579	1.2596
20378	false data injection	1.1677	0.1941	2	454	2402	229	2019.2882	34.2358	1.2883
20386	false data injection attack	1.1225	0.252	2	300	1157	107	2019.4393	43.028	1.5425
20389	false data injection attacks	1.1204	0.2333	2	509	3731	364	2019.3434	40.3736	1.4725
20423	false positive rates	-0.7	0.5987	3	346	1248	131	2018.7405	34.9008	1.2921
20508	fault detection	0.8115	0.1083	2	375	1116	117	2018.4103	45.5556	1.5622
20562	fault tolerance	0.633	0.0921	2	302	740	83	2017.8554	30.3133	1.0474
20661	feature engineerings	-0.8358	0.7684	3	211	524	47	2019.9574	30.6809	1.2422
20664	feature extraction	-0.8913	0.6977	3	575	4438	390	2019.5667	32.1769	1.32
20695	feature selection	-0.94	0.7178	3	339	1550	143	2019.5874	30.021	1.2728
20701	feature selection methods	-0.9448	0.7355	3	160	447	36	2018.8889	24.3889	0.9048
20725	features extraction	-0.8386	0.6456	3	304	1018	80	2021.45	15.9375	1.0355
20732	features selection	-0.9619	0.7245	3	195	641	50	2020.96	18.46	1.0586
20767	federated learning	-0.3836	0.7207	3	228	607	51	2021.6667	24.4706	1.5108
20820	female	-0.8868	-0.8015	1	183	842	71	2018.7606	28.7324	1.0554
20862	field programmable gate arrays (fpga)	0.2388	0.2046	5	240	597	65	2017.7846	14.8615	0.5422
20935	finance	-0.431	-0.4699	1	213	452	58	2018.0172	41.8448	1.4642
21160	firmware	0.2145	-0.0902	5	331	846	85	2018.0471	24.8941	0.9025
21329	flow control	0.2353	-0.6743	5	151	346	35	2019.1143	35.4857	1.4112
21356	flow visualization	-0.663	-0.2002	1	169	393	44	2016.3182	19.3182	0.6073
21422	fog	-0.2404	0.4081	4	302	927	83	2019.506	80.6265	2.8587
21425	fog computing	-0.2304	0.4059	4	373	1289	126	2019.8016	56.0714	2.0712
21493	forecasting	-0.5151	0.3524	3	594	2399	260	2018.85	23.9269	0.9015
21540	forensic investigation	-0.7507	-0.1011	1	182	454	58	2017.931	21.1724	0.7833
21565	forensics	-0.5076	-0.0879	1	168	340	40	2017.5	22.475	0.7827
21580	forestry	0.1218	-0.2159	5	367	987	97	2019.0103	22.7423	0.9312
21604	formal methods	0.3347	-0.34	5	216	494	65	2017.9385	17.6154	0.6181
21690	fpga	0.2402	0.2067	5	165	333	38	2018.3158	57.0789	2.709
22082	future research directions	0.0984	-0.0098	4	417	1062	108	2019.2593	84.9722	3.1145
22154	fuzzy inference	-0.1107	0.5658	3	170	355	37	2019.027	20.7838	0.8168
22162	fuzzy logic	-0.0757	0.5013	3	229	505	65	2018.7231	22.3077	0.8927
22204	fuzzy systems	-0.1004	0.5745	3	169	357	39	2018.8462	34.6667	1.3267
22291	game theory	0.5692	-0.0288	2	617	3328	415	2017.4699	26.1181	0.8799
22397	gateways (computer networks)	0.0623	0.2754	4	344	860	86	2017.6628	34.314	1.2267
22595	generative adversarial networks	-0.5462	0.8219	3	198	509	50	2020.98	29.56	1.3947
22649	genetic algorithm	-0.4034	0.6538	3	189	395	41	2019.439	32.3415	1.2836
22650	genetic algorithms	-0.3783	0.6448	3	350	945	94	2018.734	27.0532	0.9937
22737	geometry	0.2052	0.2895	4	178	377	43	2019.0465	19.3953	0.785
22876	global positioning system	0.439	0.5217	4	207	510	58	2019.0517	20.0345	0.8008
23017	government	-0.7491	-0.8282	1	183	456	46	2016.8478	38.5435	1.3082
23215	graph theory	0.6828	-0.0899	2	411	1229	141	2017.4113	42.0355	1.2789
23239	graphic methods	-0.3916	0.2261	3	354	864	105	2018.2095	22.9238	0.841
23319	green computing	0.3566	0.0825	4	240	527	48	2018.9375	34.1458	1.2748
23747	hardware	0.2107	-0.0145	5	396	1245	142	2016.2958	22.507	0.7042
23755	hardware and software	0.1903	-0.1638	5	260	548	63	2016.6825	20.127	0.6576
23812	hardware security	0.1935	0.0019	5	343	1003	111	2018.2703	19.4234	0.6754
23946	health	-0.6926	-0.6419	1	247	466	48	2018.3333	36.6667	1.39
23958	health care	-0.7147	-0.5756	1	563	2611	253	2019.415	40.7866	1.5895
23967	health care delivery	-0.8512	-0.8469	1	247	1071	78	2019.8718	34.3077	1.4564
23978	health care personnel	-0.8275	-0.8278	1	116	321	27	2019.0741	32.4074	1.1962
23989	health care system	-0.8382	-0.8463	1	132	420	29	2019.1379	34.3793	1.199
24071	health risks	-0.6546	-0.6138	1	340	848	85	2018.5529	46.7059	1.5133
24089	healthcare	-0.7268	-0.5875	1	332	973	106	2020.1226	35.4151	1.5878
24293	heuristic algorithms	0.0253	0.6635	3	258	532	52	2019.5769	36.6154	1.4688
24298	heuristic methods	-0.1633	0.6613	3	254	538	53	2019.1509	32.3019	1.1996
24335	hidden markov models	-0.103	0.65	3	270	582	57	2018.6491	22.3158	0.8954
24426	hierarchical systems	0.3027	-0.287	5	308	596	68	2017.3088	25.7794	0.9428
24762	ho-momorphic encryptions	-0.1988	0.2748	4	178	395	44	2019.1136	28.75	1.0866
24868	honeypot	-0.5253	0.0357	1	354	1090	139	2017.9928	23.1439	0.7898
24893	hospital	-0.8455	-0.8548	1	107	362	27	2019.1111	28.963	1.0961
24918	hospitals	-0.8427	-0.8564	1	218	597	50	2019.38	39.32	1.4846
24981	http	-0.6036	0.5724	3	262	707	76	2017.1316	27.6974	0.9581
25001	human	-0.8414	-0.8037	1	598	5188	476	2019.105	30.4139	1.1924
25059	human computer interaction	-0.5319	-0.553	1	352	952	116	2017.6724	38.1552	1.2597
25082	human engineering	-0.5529	-0.5967	1	268	799	120	2017.6333	22.1417	0.7604
25090	human experiment	-0.893	-0.7889	1	177	608	52	2019.3654	31.3846	1.2028
25096	human factors	-0.5528	-0.6004	1	181	463	66	2018.3636	20.0303	0.7411
25160	human resource management	-0.259	-0.606	1	240	471	65	2017.7538	16.9846	0.6172
25290	humans	-0.8516	-0.815	1	476	3630	323	2018.7152	30.1084	1.1665
25792	ids	-0.422	0.8426	3	381	1305	126	2018.6746	31.7222	1.2114
25827	iec 61850	1.0115	-0.2994	2	218	758	72	2017.1389	23.6528	0.7845
25884	ieee standards	0.6589	0.3662	2	239	552	55	2019.1273	19.1091	0.7463
25907	iiot	0.0673	-0.2585	5	548	2410	241	2020.3568	37.4689	1.5914
25990	image processing	-0.8666	0.4409	3	214	473	46	2018.9348	35.7391	1.3254
26279	in-vehicle networks	0.2116	0.6754	5	201	672	61	2018.5738	28.6885	1.185
26333	incident response	-0.4685	-0.4247	1	249	595	84	2018.2738	13.3929	0.546
26569	industrial control system	0.5841	-0.5684	5	734	6756	646	2018.1378	28.5186	0.9977
26580	industrial controls	0.5499	-0.5468	5	268	690	67	2017.5373	24.0299	0.8194
26626	industrial environments	0.0941	-0.5022	5	191	379	42	2019.4048	26.1667	1.1207
26654	industrial internet of thing	-0.3405	0.698	3	196	546	41	2022.122	12.4146	0.9021
26675	industrial management	0.0083	-0.7708	5	225	502	63	2015.6984	18.7143	0.5874
26681	industrial networks	0.41	-0.5132	5	177	375	38	2018.1579	26.7105	0.8714
26689	industrial plants	0.6453	-0.5599	5	205	446	44	2017.7045	28.0909	0.9776
26697	industrial processs	0.5093	-0.4966	5	236	558	51	2018.3725	33.1569	1.1572
26705	industrial research	0.3514	-0.6353	5	487	1816	175	2018.6971	35.6286	1.3682
26709	industrial revolutions	0.0083	-0.3891	4	270	663	68	2019.4265	37.1618	1.4572
26734	industrial systems	0.3191	-0.5304	5	257	582	64	2017.9219	32.3281	1.0825
26755	industry	-0.2825	-0.7019	1	300	700	78	2015.6026	60.9487	1.7532
26756	industry 4.0	0.0186	-0.442	4	552	2705	327	2020.0826	40.0581	1.6888
26901	informatics	-0.3902	-0.231	1	257	443	45	2019.4667	27.0222	1.112
26918	information analysis	-0.5585	-0.4222	1	334	1107	128	2016.1016	25.8516	0.8296
26926	information and communication technologies	0.5776	-0.3469	2	580	2291	235	2018.0936	36.4298	1.257
26938	information and communications technology	0.0152	-0.6372	1	211	399	42	2017.0952	31.1429	1.0464
26947	information assurance	-0.3911	-0.6628	1	183	394	60	2012.15	25.15	0.6812
27008	information dissemination	-0.6137	-0.439	1	466	1920	203	2017.3399	25.7291	0.8721
27026	information exchanges	0.0764	-0.1958	1	220	464	55	2017.7818	22.4182	0.8827
27065	information infrastructures	0.0522	-0.8209	5	184	377	47	2017.3191	16.5532	0.5804
27078	information management	0.042	-0.3181	4	791	4918	507	2017.8639	25.716	0.9671
27108	information processing	-0.8406	-0.783	1	189	464	37	2018.2432	39.2973	1.4264
27133	information retrieval	-0.6961	-0.2841	1	225	446	51	2015.9412	24.0392	0.7796
27145	information science	-0.6174	-0.326	1	301	749	95	2013.5368	22.7789	0.6493
27148	information security	-0.4407	-0.5693	1	661	3023	433	2016.9122	25.3741	0.8295
27242	information services	0.0487	-0.1375	4	413	1111	121	2017.5372	30.2727	1.0379
27244	information sharing	-0.5636	-0.43	1	298	1013	129	2016.814	24	0.7407
27269	information system	-0.7706	-0.8496	1	194	457	45	2015.8889	33.9111	1.0526
27280	information systems	-0.2327	-0.7029	1	606	2753	330	2016.9	19.6394	0.6753
27301	information technology	-0.3232	-0.7428	1	502	1945	253	2012.7391	41.0356	1.1626
27336	information theory	0.5108	-0.1046	2	232	424	48	2015.8958	52.2083	1.6628
27350	information use	-0.1278	-0.6578	1	511	1913	219	2018.3562	16.8858	0.612
27411	infrastructure as a service (iaas)	-0.2032	0.2237	4	186	342	33	2018.9394	54.7576	2.0361
27614	insider threat	-0.5812	-0.0459	1	244	538	83	2017.253	22.5542	0.7926
27736	insurance	-0.1405	-0.7386	1	261	750	100	2017.97	21.88	0.7663
27772	integer programming	0.9329	0.163	2	286	842	100	2018.59	27.75	0.9822
27815	integrated circuits	0.6497	-0.6046	5	256	764	69	2018.3043	36.1594	1.2267
27922	integration	0.1215	-0.345	5	262	479	53	2016.1509	36.1698	1.0954
28025	intelligent agents	0.4106	-0.0868	2	239	439	48	2016.4375	23	0.8217
28043	intelligent buildings	0.0537	0.0392	4	530	2264	211	2018.4597	40.4834	1.429
28051	intelligent computing	-0.3759	0.4565	3	269	590	63	2018.6825	16.2857	0.6319
28054	intelligent control	0.6288	-0.5933	5	490	2456	227	2016.9868	33.2687	1.0745
28081	intelligent electronic device	0.9947	-0.298	2	151	343	31	2017.2258	29.5484	0.9694
28186	intelligent systems	0.2978	0.5796	4	626	2827	285	2018.7404	27.6772	1.0942
28204	intelligent transportation systems	0.3103	0.5885	4	334	1031	90	2019.2444	38.9444	1.5621
28210	intelligent vehicle highway systems	0.3052	0.5967	4	328	1037	95	2019.2947	25.8737	1.1104
28334	interactive computer systems	0.6103	0.4436	2	378	1047	86	2019.4651	32.0698	1.2185
28641	internet	-0.5758	-0.5376	1	722	4428	533	2013.9831	40.3902	1.2453
28757	internet of thing	-0.1654	0.7818	4	252	737	62	2021.2097	17.0806	1.1499
28760	internet of thing (iot)	-0.1392	0.1454	4	636	3611	373	2019.0617	50.7105	1.8114
28829	internet protocols	0.0559	0.3717	4	676	3441	379	2017.3747	24.6807	0.8533
28843	internet security	-0.782	-0.2257	1	201	392	47	2016.8511	17.7021	0.702
28851	internet service providers	-0.29	0.1643	4	189	369	41	2016.561	29.3902	0.981
28859	internet technology	-0.8418	-0.1212	1	199	380	39	2017.3333	44.4872	1.5226
28874	internet users	-0.9951	-0.121	1	174	392	44	2017.1364	19.2045	0.758
28917	interoperability	0.125	-0.3032	4	405	1134	123	2018.0081	28.5935	1.0222
29052	intrusion detection	-0.4249	0.7647	3	949	20962	1992	2018.6195	34.9608	1.3398
29074	intrusion detection method	-0.3161	0.865	3	177	414	40	2018.825	40.6	1.4955
29076	intrusion detection models	-0.7307	1.012	3	167	489	41	2020.0244	35.561	1.6513
29082	intrusion detection system	-0.4444	0.8214	3	851	11561	1070	2019.0514	34.0664	1.3466
29148	intrusion-detection	-0.6289	0.9903	3	452	2655	210	2021.3476	16.0571	1.0282
29239	investments	0.084	-0.6973	1	415	1497	182	2017.011	24.5275	0.8424
29269	iot	-0.152	0.1914	4	961	22145	2439	2019.6494	36.8758	1.4677
29374	iot security	-0.2577	0.1083	4	267	788	88	2019.6477	30.75	1.2091
29684	it security	0.2077	-0.7482	5	159	366	48	2015.1042	28.5417	0.8124
29731	iterative methods	0.6573	0.2503	2	352	782	87	2018.3793	24.5517	0.9223
29777	jamming	0.8263	0.4905	2	258	751	86	2018.5581	33.5	1.1893
29780	jamming attacks	0.8566	0.4921	2	135	312	36	2018.9167	51.8333	1.8224
29818	job analysis	-0.6071	-0.0848	1	175	385	43	2018.8372	29.7674	1.1974
29922	k-means clustering	-0.6676	0.6228	3	203	469	45	2018.9778	15.9556	0.6279
29960	kalman filter	1.1101	0.3823	2	145	377	36	2019.0556	36.6944	1.411
29967	kalman filters	1.1062	0.3851	2	222	698	72	2019.0139	54.6111	2.0184
30204	knowledge acquisition	-0.7675	0.43	3	206	384	41	2018	22.8537	0.8335
30217	knowledge based systems	-0.3474	-0.1914	1	381	953	115	2017.2174	28.5304	0.948
30257	knowledge management	-0.3931	-0.3697	1	344	756	88	2017.6136	20.375	0.7459
30278	knowledge representation	-0.5431	-0.1771	1	158	349	50	2019.44	16.18	0.6392
30505	large dataset	-0.7682	0.6639	3	315	874	83	2020.3253	34.0843	1.5664
30540	large scale systems	0.6559	0.0002	2	283	584	63	2016.6825	25.8889	0.9087
30650	law enforcement	-0.5152	-0.422	1	255	521	72	2014.0972	27.0417	0.8294
30660	laws and legislation	-0.6151	-0.5092	1	243	552	76	2014.8289	26.6184	0.8824
30741	learning	-0.5978	-0.5951	1	211	385	44	2018.9318	22.5455	0.827
30746	learning algorithms	-0.7602	0.634	3	779	7953	695	2019.3885	33.4763	1.3157
30754	learning approach	-0.5333	0.8834	3	289	756	69	2020.058	28.5072	1.218
30803	learning models	-0.6953	0.8777	3	233	607	59	2020.9492	23.2373	1.167
30835	learning systems	-0.7274	0.6138	3	899	14823	1316	2019.0707	37.0479	1.4159
30837	learning techniques	-0.6452	0.8712	3	290	875	73	2020.0137	30.0822	1.3127
30888	legacy systems	0.4986	-0.5917	5	292	774	74	2018.1892	30.7838	1.1379
31037	life cycle	-0.0481	-0.483	5	505	1570	186	2018.5323	21.914	0.8003
31233	linear matrix inequalities	1.091	0.4385	2	161	754	82	2020.2683	32.6829	1.4168
31289	linear systems	0.8964	0.3308	2	135	381	47	2019.1277	44.383	1.4903
31377	literature review	-0.1873	-0.6519	1	175	317	41	2020.2195	37.0732	1.5418
31379	literature reviews	-0.1988	-0.6433	1	325	797	94	2019.4894	36.5638	1.4499
31449	load frequency control	1.2893	0.3542	2	102	353	28	2020.0714	22	1.0388
31475	load-frequency control	1.2904	0.3509	2	127	537	43	2019.4186	34.5581	1.3396
31593	location	0.5181	0.3545	2	225	408	44	2019.3864	20.6591	0.8213
31738	logistic regression	-0.9681	0.6599	3	196	540	47	2020.4255	21.9574	0.9896
31785	long short-term memory	-0.5273	0.9526	3	503	2678	223	2020.5605	27.0135	1.2025
31886	losses	-0.031	0.1734	2	494	1545	154	2018.7013	31.7208	1.2252
31944	low power electronics	0.1692	0.535	4	178	425	43	2018.6977	26.7674	1.0378
32032	lstm	-0.6056	0.9563	3	206	540	48	2020.6667	23.4167	1.1051
32063	lyapunov functions	1.0776	0.4337	2	143	507	54	2020.3333	29.4074	1.3058
32139	machine learning	-0.8203	0.5115	3	923	17996	1826	2020.0022	31.5975	1.3533
32148	machine learning algorithms	-1.0193	0.7333	3	213	625	52	2020.7692	18.9038	0.9792
32155	machine learning approaches	-0.8788	0.7427	3	319	1116	103	2019.4466	35.7864	1.3957
32172	machine learning methods	-0.9321	0.6034	3	338	1220	110	2019.1727	44.8182	1.5892
32174	machine learning models	-0.8805	0.5895	3	357	1294	122	2020.082	30.2869	1.2891
32182	machine learning techniques	-0.8866	0.5372	3	532	2615	234	2019.1709	36.2393	1.3862
32228	machinery	0.3229	-0.5838	5	214	384	39	2017.8462	20.4615	0.7823
32332	male	-0.8826	-0.8007	1	204	894	73	2018.7808	33.2466	1.2071
32338	malicious activities	-0.6001	0.4209	3	456	1518	161	2017.6087	26.2422	0.928
32344	malicious attack	0.5383	0.4669	2	398	991	105	2018.1143	26.1714	0.9982
32425	malicious traffic	-0.5263	0.6734	3	182	399	44	2018.2045	31.2045	1.1636
32457	malware	-0.8324	0.267	3	868	11087	1225	2018.4841	29.8547	1.0992
32459	malware analysis	-0.8971	0.29	3	193	542	68	2018.2353	19.6912	0.7311
32473	malware classifications	-1.0173	0.5777	3	147	486	52	2019.3846	39.6923	1.5096
32478	malware detection	-0.9379	0.4487	3	403	2140	223	2019.1973	32.1345	1.2831
32525	malwares	-0.929	0.3453	3	350	1221	121	2017.1736	26.2893	0.9901
32536	man in the middle attacks	0.7679	0.0542	2	239	555	57	2018.4035	24.3158	0.8693
32539	man machine systems	0.5366	-0.5933	5	299	745	72	2018.5278	36.875	1.3297
32679	manufacture	0.2238	-0.6437	5	434	1553	178	2018.4101	33.8371	1.1898
32957	markov processes	0.8145	0.317	2	430	1585	172	2017.9012	30.0581	1.0495
33104	mathematical models	0.3934	-0.1337	2	266	580	65	2012.1846	48.3846	1.4226
33133	matlab	0.8642	0.05	2	236	530	50	2019.12	24.8	0.9383
33144	matrix algebra	0.7022	0.2195	2	197	362	45	2018.6	26.4	1.0171
33423	medical computing	-0.7364	-0.547	1	200	388	37	2018.6757	24.6486	1.0189
33456	medical devices	-0.6576	-0.6857	1	221	556	62	2018.1613	36.1129	1.1966
33489	medical imaging	-0.7654	-0.4541	1	156	325	34	2021	26.4412	1.4217
33493	medical information	-0.8352	-0.8147	1	161	408	30	2018.8667	31.3667	1.1689
33495	medical information system	-0.8306	-0.8521	1	108	290	21	2017.9048	36.619	1.2483
33527	medical services	-0.7615	-0.4408	1	170	384	29	2021.4483	20.9655	1.2137
33593	memory architecture	-0.1349	0.5964	3	231	493	46	2018.3478	37.6304	1.301
33677	mercury (metal)	-0.26	0.6682	3	462	1877	167	2015.9521	56.7784	1.7338
33792	metadata	-0.4179	-0.0701	1	334	748	71	2018.7887	32.6761	1.3876
33880	mhealth	-0.7778	-0.5544	1	211	468	42	2019.0714	28.2381	1.1314
33892	micro grid	1.1035	0.0787	2	230	754	76	2018.0658	38.0263	1.322
33933	microgrid	1.1003	0.1029	2	336	1258	120	2020.1667	27.2833	1.1873
33956	microgrids	1.0898	0.1003	2	319	1205	131	2020.0992	35.3435	1.509
34007	middleware	0.0684	-0.0245	4	252	528	65	2015.8154	24.8462	0.8014
34041	military applications	0.3779	0.4758	4	272	569	60	2017.85	28.5167	1.0242
34046	military communications	-0.1103	-0.1859	1	273	625	77	2015.013	16.8182	0.4926
34097	military vehicles	0.3963	0.4954	4	170	365	33	2019.2727	23.1818	0.9689
34328	mitigation strategy	0.1558	-0.3988	5	283	560	66	2018.3939	33.8333	1.1349
34330	mitigation techniques	0.2694	-0.259	5	185	362	39	2018.5128	45.8462	1.5678
34455	mobile applications	-0.8136	-0.5075	1	187	389	44	2018.2727	30.0682	1.148
34489	mobile computing	-0.3555	-0.0831	1	238	446	46	2016.413	29.2609	0.9594
34515	mobile devices	-0.6615	-0.0833	1	288	775	86	2015.4186	25.407	0.7736
34593	mobile security	-0.6772	0.1796	3	630	2959	318	2017.5	28.0818	0.9816
34611	mobile telecommunication systems	-0.0277	0.2739	4	492	1599	163	2017.7423	26.8344	0.9438
34651	modbus	0.733	-0.5138	5	169	395	30	2018.8333	21.8333	0.807
34692	model checking	0.3296	-0.3483	5	244	559	70	2017.8	21.3	0.7402
34749	model predictive control	1.0691	0.3575	2	150	335	40	2020.45	24.375	1.1572
34861	modeling	0.3233	-0.4728	5	271	517	63	2017.5873	23.1111	0.8214
34920	models	0.3275	-0.4672	5	331	751	92	2015.087	34.7174	0.9895
35056	monitoring	0.4005	0.077	4	618	2338	241	2017.2573	33.2531	1.1049
35062	monitoring and control	0.9317	-0.1414	2	229	514	48	2017.4583	40.9167	1.4016
35102	monitoring system	0.4413	0.1006	4	241	483	46	2017.3913	24.4565	0.8584
35124	monte carlo methods	0.9745	0.1497	2	221	519	57	2018.193	17.3333	0.628
35175	motivation	-0.7161	-0.7859	1	195	483	67	2018.6716	43.8955	1.428
35209	moving target defense	0.3735	0.1293	2	324	923	134	2018.194	22.4701	0.8294
35251	multi agent systems	0.6992	0.0882	2	456	1501	176	2017.9886	22.9886	0.8951
35351	multi-class classification	-0.8306	0.9071	3	150	442	37	2019.6757	40.8919	1.7977
35737	multilayer neural networks	-0.6814	0.8501	3	275	790	66	2020.4091	28.7879	1.3121
36118	mutual authentication	0.2246	0.2661	4	150	412	40	2019.85	35.175	1.5049
36209	nash equilibria	0.5965	-0.0306	2	160	342	41	2016.878	25.5366	0.8191
36278	national infrastructure	0.4918	-0.7256	5	197	417	44	2017.2955	18.4545	0.6454
36287	national institute of standards and technology	0.1035	-0.6499	1	165	333	39	2017.2308	27.0769	0.9365
36302	national security	-0.2189	-0.579	1	549	2043	271	2016.31	24.8376	0.7895
36356	natural language processing	-1.0008	0.2191	3	253	817	94	2019.8511	21.6596	0.9046
36358	natural language processing systems	-0.9941	0.2212	3	309	1188	131	2019.4656	26.9771	1.0551
36438	nearest neighbor search	-0.9238	0.773	3	354	1367	107	2020.2336	23.3551	1.0528
36559	network	0.1573	-0.0825	5	236	457	47	2018.0638	25.6809	0.9179
36586	network anomaly detection	-0.5055	0.8484	3	184	420	43	2018.4419	52.186	1.7695
36591	network architecture	0.1055	0.3471	4	806	5792	540	2018.463	43.5389	1.5747
36594	network attack	-0.5443	0.7408	3	231	552	60	2019.0333	22.9833	0.9002
36637	network communications	0.2923	0.3102	4	225	398	38	2018.0789	25.3158	0.8895
36711	network environments	-0.3229	0.5701	3	196	361	41	2017.9512	17.6585	0.6467
36741	network function virtualization	-0.0346	0.4761	4	295	941	91	2018.1758	33.7143	1.1953
36762	network infrastructure	-0.1143	0.3571	3	252	487	52	2018	20.6154	0.7976
36776	network intrusion detection	-0.721	0.9499	3	318	1421	132	2019.2045	35.8561	1.3907
36782	network intrusion detection systems	-0.7008	0.9242	3	316	1220	111	2019.6126	34.7658	1.4476
36787	network intrusions	-0.6508	0.9122	3	193	473	43	2019.1628	42.4651	1.5744
36797	network layers	0.4682	0.4431	4	571	2159	211	2018.2133	31.1659	1.1117
36872	network protocols	0.3506	0.0325	4	539	1938	186	2014.9946	42.7688	1.347
36911	network security	0.1786	0.3444	2	998	68987	7497	2018.5265	28.7183	1.0735
37012	network topology	0.7976	0.1402	2	236	500	61	2018.3279	25.4918	0.8794
37017	network traffic	-0.6787	0.728	3	381	1512	167	2018.3293	28.1257	1.0513
37103	networked control systems	0.9989	0.3801	2	406	1828	202	2018.2723	47.2277	1.5896
37178	networks (circuits)	0.1615	-0.0815	5	238	428	43	2016.093	111.093	3.004
37188	networks security	-0.4629	0.8988	3	285	919	85	2020.5294	12.7176	0.7844
37207	neural network	-0.7524	0.7928	3	260	726	68	2018.8235	34.4559	1.3078
37232	neural networks	-0.6191	0.7531	3	653	3860	364	2019.011	30.1786	1.1593
37240	"neural networks, computer"	-0.8099	0.7902	3	187	509	32	2021.4688	19.1875	1.2114
37244	neural-networks	-0.7084	0.8013	3	268	787	67	2021.2985	13.791	0.7998
37764	normal operations	0.8039	-0.1469	2	197	361	38	2017.5	20.0789	0.6978
37866	nuclear energy	0.59	-0.6623	5	146	352	34	2017.9412	17.5882	0.6031
37872	nuclear fuels	0.5927	-0.6598	5	200	516	47	2019.1702	13.8723	0.5526
37888	nuclear power plants	0.5901	-0.6582	5	226	623	62	2018.0161	13.9194	0.5282
37945	numerical methods	1.0577	0.4389	2	225	686	80	2019.6	28.175	1.1297
38496	online systems	-0.4514	-0.1442	1	354	849	95	2017.4842	25.7895	0.9017
38532	ontology	-0.3944	-0.3122	1	310	873	130	2017.4692	21.8769	0.729
38626	open source software	-0.1598	-0.2337	5	339	870	106	2018.5	21.3113	0.7975
38641	open systems	-0.1469	-0.231	5	396	1036	117	2018.5812	20.7863	0.7815
38858	operational technologies	0.4302	-0.65	5	302	778	76	2019.4211	14.1447	0.5875
39118	optimisations	0.0861	0.6555	2	320	784	65	2021.4769	14.6923	0.9239
39124	optimization	0.5407	0.1785	2	574	2180	230	2018.0913	27.8696	1.0703
39230	organization and management	-0.815	-0.8497	1	150	557	47	2016.4681	30.383	0.9767
39404	outages	1.1831	-0.0992	2	391	1529	146	2018.5137	32.2671	1.1107
39670	pandemic	-0.8526	-0.8316	1	116	337	38	2020.8421	34.4474	1.5628
39894	particle swarm optimization (pso)	0.1044	0.7808	3	235	468	40	2020.25	25.4	1.1652
40052	patient safety	-0.8278	-0.8441	1	106	383	35	2018.1429	34.3429	1.1731
40077	pattern recognition	-0.5641	0.3109	3	315	737	79	2016.7722	31.0633	1.0266
40194	peer to peer networks	0.1691	0.18	4	257	659	70	2018.3429	33.9714	1.2517
40226	penetration testing	0.0002	-0.5144	5	300	813	103	2017.9417	15.4466	0.5399
40264	perception	-0.8707	-0.7821	1	147	333	34	2018.8824	21.6471	0.8294
40301	performance	-0.6299	0.5387	3	408	1176	109	2020.3945	22.945	1.1167
40303	performance analysis	-0.1446	0.2702	4	240	480	51	2018.1765	33.902	1.2393
40354	performance metrics	-0.5466	0.6187	3	196	409	39	2019.1282	28.2564	1.1669
40463	personal computing	-0.4636	-0.0978	1	826	5558	614	2017.8779	23.9577	0.8693
40489	personal information	-0.9185	-0.0967	1	258	687	78	2018.1282	22.1538	0.782
40541	personnel	-0.5421	-0.6485	1	198	403	56	2018.8571	24.5357	0.959
40548	personnel training	-0.4627	-0.6636	1	364	1080	138	2017.2609	29.4348	0.9744
40597	petri nets	0.5496	-0.401	5	217	512	56	2017.4286	28.2679	0.8971
40607	petroleum reservoir evaluation	-0.149	-0.6949	1	211	358	36	2019.1944	30.1944	1.2252
40639	phase measurement	1.2291	0.1858	2	209	710	63	2018.0317	34.3175	1.1288
40662	phasor measurement unit (pmus)	1.2169	0.1871	2	159	428	46	2017.2609	36.8043	1.1933
40663	phasor measurement units	1.2203	0.1946	2	370	1932	187	2018.2406	35.0107	1.2074
40673	philosophical aspects	-0.3476	-0.7139	1	187	351	52	2017.1538	24.5577	0.8416
40680	phishing	-1.0538	-0.135	1	395	2182	255	2018.8431	26.4353	1.0256
40685	phishing attacks	-1.0459	-0.1132	1	273	1070	115	2019.0435	25.1217	0.989
40694	phishing detections	-1.1091	0.2237	3	181	628	60	2019.1167	31.8333	1.2362
40714	phishing websites	-1.1103	0.2527	3	143	495	49	2019.7959	18.3469	0.8181
40786	physical attacks	0.815	-0.004	2	270	692	67	2018.9254	24.6119	0.9482
40796	physical components	0.5266	-0.3517	5	264	616	66	2017.7273	29.2424	0.9251
40870	physical power	1.2321	0.0285	2	157	472	40	2019.775	26.525	1.2914
40872	physical process	0.6016	-0.3874	5	243	562	57	2016.4561	21.8947	0.6966
40900	physical systems	0.5811	-0.131	2	363	929	107	2017.3738	43.7944	1.4497
40917	physical world	0.2305	-0.2027	5	190	349	41	2016.561	20.3415	0.6593
41226	policy	-0.6073	-0.794	1	179	402	52	2017	30.9231	1.1167
41387	population statistics	-0.4575	-0.304	1	212	369	41	2017.0488	35.4634	1.291
41534	potential attack	0.3877	-0.3477	5	189	374	44	2018.0227	23.5455	0.8197
41572	potential threats	-0.1162	-0.3245	1	246	444	53	2017.5283	39.1321	1.2865
41585	power	1.2578	0.0895	2	322	1193	103	2021	18.4272	1.054
41614	power control	1.1891	0.1394	2	306	941	83	2017.5422	29.0482	0.9808
41654	power electronics	1.1427	0.0623	2	164	397	39	2019.2051	18.1282	0.7786
41686	power generation	1.0068	-0.1799	2	205	439	45	2012.6889	66.7333	1.9558
41692	power grid	1.0286	-0.1422	2	188	420	40	2016.175	54.4	1.5987
41719	power grids	1.0415	-0.1355	2	418	1624	150	2015.94	39.1733	1.183
41748	power markets	1.0269	0.0331	2	151	362	39	2019.6923	35.4872	1.4111
41811	power system	1.2496	0.0668	2	285	942	76	2019.0658	40.0526	1.5472
41837	power system dynamics	1.2462	0.3072	2	169	452	34	2018.8824	41.9118	1.5382
41877	power system security	1.097	-0.0737	2	219	553	57	2016.2982	39.4035	1.318
41889	power system state estimation	1.1366	0.2135	2	131	347	38	2017.3158	50.9474	1.6269
41894	power systems	1.1953	0.0184	2	286	863	79	2016.4177	51.4684	1.7578
41917	power transmission	0.9537	-0.2088	2	153	317	29	2011.069	40.4138	1.1452
42057	prediction	-0.6408	0.0014	1	205	381	39	2018.8462	35.1538	1.3792
42096	predictive analytics	-0.5007	0.3173	3	257	550	54	2019.2963	51.1667	2.1987
42197	press load control	1.2931	0.3517	2	121	491	38	2019.5789	40.5263	1.6175
42305	principal component analysis	-0.5068	0.7045	3	311	832	78	2018.8718	32.5641	1.1941
42358	priority journal	-0.7976	-0.822	1	246	833	69	2017.058	44.2319	1.4614
42372	privacy	-0.6491	-0.5439	1	654	4276	488	2018.7582	33.8545	1.2869
42381	privacy and security	-0.2902	-0.0054	4	317	803	94	2018.9681	27.5851	1.0762
42395	privacy by design	-0.2179	0.1919	4	482	1672	176	2020.5795	20.2045	0.9817
42443	privacy preservation	-0.1604	0.3806	4	209	488	48	2020.1667	43.0417	1.8573
42444	privacy preserving	-0.2001	0.31	4	274	761	78	2019.8077	29.4487	1.2948
42515	private information	-0.8546	-0.0031	1	198	390	45	2018.3111	27.5556	0.9853
42669	probability	0.3193	-0.0636	2	326	750	77	2016.8052	26.5065	0.9491
42679	probability distributions	0.5451	0.2907	2	198	388	50	2017.66	30.72	1.1962
42729	problem solving	-0.3535	-0.417	1	222	392	53	2014.1887	32.3585	0.9792
42746	procedures	-0.844	-0.8292	1	150	508	43	2018.6744	45.0233	1.7425
42768	process control	0.6099	-0.2237	5	512	2128	189	2017.3386	27.1958	0.9315
43052	program debugging	-0.0229	-0.2537	5	188	370	43	2018.2093	21.9302	0.7876
43091	programmable logic controllers	0.6659	-0.4993	5	334	1212	107	2018.0093	22.5701	0.7902
43160	proof of concept	-0.2046	-0.2048	5	217	399	52	2017.5192	28.3846	0.9434
43231	proposed architectures	0.133	0.3092	4	260	634	58	2018.5	33.4138	1.3142
43588	public key cryptography	0.2161	0.2869	4	315	950	114	2018.4825	23.1053	0.8526
43609	public policy	-0.5434	-0.7626	1	239	573	72	2014.6528	54.2917	1.6194
43652	public works	0.5035	-0.6538	5	637	3546	345	2016.687	23.942	0.763
43850	quality control	-0.4326	-0.2584	1	401	903	100	2018.34	23.07	0.8804
43888	quality of service	0.155	0.4076	4	403	1125	118	2018.161	46.9831	1.619
44002	quantum cryptography	0.2534	0.003	4	170	313	46	2019.0435	14.7609	0.6598
44116	queueing networks	-0.0001	0.4163	4	188	453	46	2020.3261	44.2174	2.0619
44264	railroad transportation	0.2257	-0.4408	5	174	350	41	2018.6341	16.4878	0.615
44265	railroads	0.2249	-0.4396	5	180	372	46	2018.6304	15.8043	0.5888
44332	random forest	-1.04	0.6672	3	216	643	52	2020.1154	27.6154	1.1836
44345	random forests	-1.0307	0.683	3	274	1034	84	2019.869	28.3452	1.2162
44371	random processes	0.7686	0.3712	2	258	598	73	2017.6438	34.1096	1.1368
44436	ransomware	-0.9426	-0.2509	1	323	1020	124	2019.4274	23.0242	0.889
44624	real - time system	0.609	0.57	2	177	406	27	2022.2222	11.963	0.982
44654	real time	0.0321	0.2324	3	248	468	55	2016.6909	21.6909	0.7157
44664	real time control	0.7599	-0.0812	2	201	362	34	2016.6471	26.5882	0.8806
44689	real time monitoring	0.5954	0.1223	2	194	395	38	2018	43.0789	1.4002
44711	real time systems	0.487	0.2406	2	731	3753	345	2018.2174	32.1942	1.1819
44733	real- time	-0.2478	0.5559	4	218	482	46	2020.3696	14.3043	0.8242
44877	real-world	-0.5554	-0.0353	1	241	474	62	2018.8548	17.9839	0.7952
44972	recent researches	-0.4991	0.2021	3	203	352	42	2018.7143	22.7381	0.893
45016	reconfigurable hardware	0.2371	0.1026	5	167	350	36	2016.2222	22.3333	0.694
45053	recovery	0.6975	0.1325	2	208	437	53	2018.3774	19.9057	0.7361
45086	recurrent neural network (rnn)	-0.5089	0.9445	3	183	437	37	2019.2432	88.3784	3.1495
45090	recurrent neural networks	-0.5457	0.9085	3	390	1301	117	2019.9145	53.0171	2.1102
45248	regression analysis	-0.5919	0.348	3	263	520	58	2019.0345	20.1897	0.8456
45290	regulatory compliance	0.1259	-0.6031	5	238	474	52	2017.0577	35.6154	1.0842
45328	reinforcement learning	0.5507	0.5758	2	441	1587	163	2020.0429	26.1595	1.1693
45415	reliability	0.5398	-0.2413	2	451	1344	148	2017.7162	36.6757	1.2032
45416	reliability analysis	0.5257	-0.2573	2	291	695	73	2016.8904	29.2192	1.0322
45531	remote control	0.537	-0.1896	5	328	697	68	2017.9559	24.4559	0.8791
45594	remote sensing	-0.7807	-0.7891	1	192	367	34	2018.7353	31.0294	1.126
45604	remote state estimations	0.8777	0.4766	2	86	294	38	2018.7368	54.1842	1.8009
45631	renewable energies	1.1057	-0.0046	2	198	475	43	2019.0465	52.2326	1.8049
45632	renewable energy	1.1056	-0.0004	2	175	369	36	2019.7222	33.6944	1.389
45643	renewable energy resources	1.1315	0.019	2	349	1441	124	2018.8226	36.0887	1.3292
45644	renewable energy source	1.1459	0.0371	2	179	489	41	2019.4146	21.8293	0.9323
45763	research	-0.3552	-0.563	1	265	533	75	2013.1067	34.3733	0.9914
45772	research and development	-0.1335	-0.5698	1	226	415	55	2016.6182	24.3273	0.8439
45784	research challenges	-0.0702	0.2161	4	261	578	62	2017.8226	91.3871	3.1927
45786	research communities	-0.3501	0.1354	3	342	754	89	2017.6517	42.6854	1.3857
45919	resilience	0.581	-0.2784	2	481	1560	184	2018.5163	27.9511	1.0503
45972	resilient control	1.0328	0.3098	2	203	610	66	2017.9091	31.1061	1.1243
46040	resource allocation	0.3859	-0.1772	2	222	494	58	2018.0517	26.6034	0.9327
46233	reverse engineering	-0.4625	0.2283	3	263	600	62	2018.0806	18.4516	0.6829
46246	review	-0.7983	-0.837	1	316	1209	116	2019.1121	49.8448	1.8323
46327	risk	-0.2267	-0.8264	1	273	754	91	2017.3407	29	0.9348
46330	risk analysis	0.279	-0.652	5	535	2250	246	2017.0976	26.1341	0.8918
46341	risk assessment	0.1469	-0.6854	5	833	8285	957	2017.7806	25.9133	0.9122
46426	risk management	-0.1355	-0.7606	1	647	3740	467	2016.985	26.7345	0.9144
46456	risk perception	0.0592	-0.6663	1	506	1841	199	2018.0754	24.6734	0.863
46524	risks	-0.1735	-0.808	1	310	866	93	2017.3656	33.5269	1.0707
46575	roads and streets	0.2779	0.5631	4	153	343	34	2018.3824	15.3235	0.625
46626	robotics	-0.0235	-0.1688	4	373	1000	116	2018.3621	33.8621	1.1621
46635	robots	-0.0317	-0.1744	4	233	517	63	2017.3651	26.0952	0.8532
46710	robustness (control systems)	1.0778	0.3112	2	242	558	54	2018.2593	50.0926	1.7441
46847	routing protocols	0.2112	0.5499	4	160	344	35	2018.7714	21.1714	0.9187
47048	safety	0.2529	-0.4626	5	419	1579	176	2018.0341	27.483	0.9375
47061	safety and securities	0.2961	-0.4338	5	402	1437	168	2018.3452	23.3155	0.8378
47095	safety critical systems	0.2727	-0.3828	5	193	465	54	2017.4444	16.4259	0.5711
47100	safety engineering	0.2761	-0.3958	5	582	2763	302	2018.1424	22.6391	0.7865
47182	sales	-0.3461	-0.4885	1	181	376	45	2018.2	22.1111	0.8294
47322	scada	0.7547	-0.5419	5	511	2762	256	2016.6992	37.5039	1.1522
47356	scada systems	0.8004	-0.4429	5	669	4941	439	2015.8679	42.8269	1.2875
47369	scalability	0.1729	0.1481	4	342	733	80	2018.1125	32.8125	1.2255
47487	scheduling	0.9509	0.1173	2	318	840	89	2018.3483	29.6517	1.1492
47632	sdn	0.0115	0.5341	4	262	706	72	2019.2917	31.3472	1.2486
47666	search engines	-0.5284	-0.1374	1	267	572	69	2018.2174	17.2319	0.6664
47804	secure communication	0.4107	0.3654	4	207	479	48	2018.2083	26.8542	0.9481
48015	security analysis	0.3648	-0.3746	5	450	1393	158	2017.7975	31.1139	1.0402
48034	security and privacy	-0.157	0.0404	4	588	2910	325	2018.8831	48.48	1.7579
48038	security and privacy issues	-0.2131	-0.0294	4	178	387	41	2019.0244	97.7805	3.4541
48070	security architecture	0.0292	-0.0864	4	271	611	67	2016.9403	33.403	1.1985
48080	security assessment	0.2082	-0.4981	5	366	915	109	2017.6514	24.7982	0.833
48093	security attacks	0.0582	0.3115	4	317	785	91	2018.7582	26.2857	1.0147
48104	security awareness	-0.4827	-0.6258	1	213	501	72	2016.7639	24.8194	0.8377
48119	security breaches	-0.4252	-0.3559	1	333	793	99	2017.697	27.7475	0.9312
48137	security challenges	0.0584	-0.0577	4	464	1501	176	2017.8807	37.8182	1.2777
48171	security controls	0.2403	-0.5972	2	352	952	115	2018.1913	27.9826	1.0757
48177	security countermeasures	0.2029	-0.288	5	185	349	37	2017.2703	50.9189	1.6213
48226	security evaluation	0.1854	-0.4271	5	216	413	54	2017.3333	36.1852	1.1445
48239	security experts	-0.5684	-0.3751	1	173	326	46	2017.3696	26.413	0.9565
48247	security features	0.0195	0.4539	4	179	352	38	2017.3158	34.0789	1.2446
48257	security frameworks	-0.0088	-0.2901	5	285	627	70	2017.3143	42.9	1.3677
48293	security incident	-0.5113	-0.3687	1	325	740	95	2018.0842	16.7368	0.6213
48337	security issues	-0.0656	-0.0623	4	474	1486	170	2017.7412	25.1118	0.9058
48358	security management	-0.0504	-0.4286	5	304	707	85	2017.1647	20.4588	0.7158
48369	security measure	-0.1174	-0.3663	1	372	860	101	2017.5149	21.3267	0.7863
48374	security mechanism	-0.1202	0.2897	4	426	1232	134	2018.0299	25.9403	0.9341
48384	security metrics	0.2422	-0.5125	5	231	514	70	2016.2429	29.9286	0.9054
48391	security model	0.1736	-0.5491	5	193	381	47	2017.234	23.0638	0.7834
48398	security monitoring	0.0052	0.3297	5	186	355	42	2018.381	21.881	0.7886
48412	security of data	-0.1757	-0.4458	1	963	18128	2577	2016.0528	28.0248	0.9018
48433	security operations	-0.5794	-0.1193	1	178	335	45	2018.6667	22.2222	0.7912
48464	security policy	-0.1468	-0.5112	1	238	472	67	2016	21.5821	0.7524
48484	security problems	0.0757	0.114	4	332	734	85	2017.6824	31.3529	1.2138
48488	security professionals	-0.5482	-0.4909	1	204	398	51	2017.451	22.9804	0.7632
48496	security properties	0.3088	-0.3716	5	213	408	47	2016.4681	59.5957	1.9561
48497	security protection	-0.2397	0.3461	4	220	391	47	2018.5319	27.8511	1.0421
48503	security protocols	0.2167	0.0466	4	204	423	45	2017.3556	35.2889	1.0597
48518	security requirements	0.1024	-0.3764	5	456	1651	192	2017.7396	35.3125	1.1628
48533	security risk assessments	0.2654	-0.5546	5	175	341	38	2018.2895	27.9211	0.9761
48539	security risks	0.022	-0.487	5	339	743	89	2017.809	24.1124	0.8971
48564	security solutions	-0.1831	0.0862	4	473	1260	141	2018.234	31.6596	1.2522
48572	security standards	0.1122	-0.5988	5	182	356	45	2017.8444	16.6444	0.6581
48594	security systems	-0.0008	-0.3534	5	871	8166	937	2016.4984	24.9061	0.8373
48600	security technology	-0.4715	-0.3433	1	223	466	53	2015.5094	33.9057	1.0271
48612	security threat	-0.2886	-0.7919	1	166	330	40	2016.875	25.975	0.8792
48616	security threats	-0.1603	-0.1744	4	590	2356	261	2018.0728	26.1724	0.9686
48645	security vulnerabilities	0.1073	-0.1469	5	592	1917	210	2018.0286	35.9619	1.282
48975	semantics	-0.5844	0.0574	3	566	2250	273	2017.7875	26.3223	0.9473
49091	sensitive datas	-0.7228	0.1179	4	230	491	58	2018.2759	22.5862	0.8617
49097	sensitive informations	-0.7867	0.0091	1	455	1390	151	2018.3775	29.053	0.9235
49104	sensitivity analysis	0.533	-0.1467	2	215	376	41	2017.878	39.2195	1.2813
49161	sensor measurements	0.9502	0.3421	2	203	469	53	2018.9623	22.5283	0.8237
49165	sensor networks	0.29	0.1103	4	348	839	90	2016.0778	38.8444	1.3715
49166	sensor nodes	0.4012	0.3125	4	307	923	102	2018.5784	37.4902	1.3863
49205	sensors	0.2604	0.0426	4	372	1020	106	2014.8774	37.3585	1.2027
49206	sensors and actuators	0.6132	0.0462	5	230	468	48	2017.9583	36.3958	1.2538
49358	serious games	-0.406	-0.7078	1	148	326	52	2018.6731	17.1538	0.6547
49385	servers	-0.3549	-0.1319	4	195	402	41	2014.2439	36.3902	1.202
49430	service industry	-0.2483	0.2173	4	197	374	44	2020.0455	17.3409	0.768
49705	ships	0.4327	-0.4585	5	184	391	50	2019.56	20.94	0.922
49776	side channel attack	0.1849	0.0282	5	231	540	59	2019.1356	22.2542	0.8595
49829	signal detection	0.1224	0.5899	2	412	1296	120	2017.7083	31.7833	1.1053
49835	signal encoding	-0.5622	0.5258	3	231	451	46	2019.0652	25.7391	1.0487
49847	signal processing	0.3717	0.2629	2	406	1090	119	2017.5546	27.3193	0.9455
50010	simulation	0.4657	-0.3528	2	459	1375	137	2018.0584	27.219	1.0852
50044	simulation platform	0.8455	0.0633	2	201	386	42	2019.0238	19.5714	0.7138
50183	situation awareness	-0.3866	-0.2834	1	269	660	99	2015.5859	19.7576	0.6487
50200	situational awareness	-0.3585	-0.255	1	473	1574	200	2016.55	24.705	0.8102
50401	smart cities	-0.0824	-0.1027	4	279	735	88	2019.2273	41.125	1.6571
50407	smart city	-0.036	0.0395	4	587	2414	260	2019.4077	42	1.6195
50437	smart contract	0.0451	0.1553	4	268	785	86	2020.5581	34.5698	1.5491
50448	smart devices	-0.2313	0.0307	4	249	575	58	2019.9655	23.3103	1.0876
50496	smart grid	1.1029	-0.1242	2	791	10316	978	2017.4202	42.8252	1.4275
50510	smart grid communications	1.0331	-0.2149	2	211	518	50	2016.66	72.42	2.0688
50537	smart grid security	1.2401	-0.0554	2	184	534	49	2018.0204	49.9184	1.5996
50545	smart grid systems	1.1113	-0.2947	2	206	517	50	2017.16	55.76	1.7039
50546	smart grid technologies	1.0659	-0.1867	2	168	411	35	2017.8286	38.7714	1.4544
50552	smart grids	1.1515	-0.052	2	398	1483	131	2018.1985	49.5573	1.6922
50563	smart home	0.0194	0.0403	4	259	731	67	2018.9403	34.4179	1.2667
50573	smart homes	0.0085	0.0432	4	299	988	91	2019.0989	31.3626	1.1788
50607	smart manufacturing	0.2317	-0.6709	5	211	576	58	2020.4655	41.5517	1.8968
50617	smart meter	1.1046	-0.1998	2	156	422	36	2018.5556	27.6944	1.0233
50630	smart meters	1.0924	-0.1961	2	365	1264	116	2017.5345	38.8448	1.3451
50654	smart power grids	1.1293	-0.1209	2	818	13112	1214	2017.6458	37.4687	1.2589
50773	smartphones	-0.6927	0.0667	1	337	949	107	2017.6729	25.2804	0.9314
50901	social engineering	-0.8894	-0.3405	1	346	1241	166	2018.5602	28.506	1.0008
50957	social media	-0.92	-0.4922	1	261	837	131	2018.4198	21.2061	0.7871
51009	social networking (online)	-0.8185	-0.1898	1	457	2034	284	2017.4754	20.3803	0.6856
51050	social sciences computing	-0.569	-0.2816	1	192	336	35	2016.9143	26.4286	0.8159
51112	societies and institutions	-0.4297	-0.5087	1	258	662	87	2013.5172	25.1724	0.7443
51192	software	-0.7404	-0.762	1	402	1356	130	2018.6538	30.2692	1.1214
51194	software agents	0.3281	-0.163	2	188	348	39	2015.1538	18.1538	0.5614
51256	software defined networking	0.0121	0.555	4	419	1505	143	2018.958	25.7622	0.97
51257	software defined networking (sdn)	0.0334	0.525	4	300	878	88	2018.9091	32.7841	1.2475
51276	software design	-0.2297	-0.5008	5	358	914	108	2017.9815	16.1944	0.5621
51307	software engineering	-0.1835	-0.3911	5	401	1090	144	2016.1319	18.0625	0.5597
51388	software reliability	0.2292	-0.3692	5	280	649	72	2016.8889	16.9861	0.5647
51397	software security	-0.2417	-0.4179	5	180	356	51	2016.9804	21.6275	0.7127
51416	software testing	0.1657	-0.2823	5	400	1020	109	2018.2294	20.3211	0.748
51433	software vulnerabilities	-0.2118	-0.3002	5	263	598	76	2017.8158	26.8289	0.9497
51458	software-defined networking	0.026	0.5607	4	178	416	41	2018.7561	33.4878	1.1153
51462	software-defined networkings	-0.0421	0.6272	4	168	402	32	2020.5	14.75	0.9404
51883	specifications	0.3285	-0.3056	5	268	602	68	2016.3824	24.1029	0.796
51957	spoofing attacks	0.4425	0.5353	4	173	381	42	2019.5952	15.3333	0.6705
52038	stability	1.1232	0.1728	2	165	352	38	2018.1842	26.5	0.9303
52182	standardization	0.0769	-0.5797	1	222	397	43	2016.6744	39.1395	1.3839
52190	standards	-0.0395	-0.7993	1	428	1511	150	2015.94	31.94	0.9984
52199	standby power systems	1.1966	0.0318	2	210	530	46	2016.7174	65.3696	2.1227
52230	state estimation	1.1072	0.2726	2	469	3470	364	2018.5357	49.2637	1.673
52271	state of the art	-0.4783	0.1661	3	577	1907	240	2018.7708	29.9	1.1368
52359	static analysis	-0.9189	0.3829	3	212	646	76	2018.4342	23.3026	0.8648
52496	statistical tests	-0.7876	0.6933	3	415	1432	129	2019.2558	30.969	1.2001
52503	statistics	-0.4576	0.2747	3	297	613	70	2017.8571	18.9429	0.6907
52620	stochastic control systems	0.9414	0.3175	2	175	424	40	2017.95	30.475	1.0828
52679	stochastic models	0.8765	0.2881	2	368	1254	121	2018.3554	28.4132	1.0573
52716	stochastic systems	0.8836	0.3438	2	589	3250	341	2018.9853	26.3959	1.0444
53085	students	-0.4304	-0.6915	1	342	1498	221	2016.6199	14.6244	0.4814
53306	supervised learning	-0.8286	0.7035	3	382	1355	122	2019.4836	43.582	1.8608
53312	supervised machine learning	-0.8416	0.7069	3	247	740	62	2019.7419	34.6452	1.3852
53328	supervisory control and data acquisition	0.7696	-0.4542	5	418	1572	132	2016.2576	41.0379	1.2755
53339	supervisory control and dataacquisition systems (scada)	0.8775	-0.3806	5	356	1304	110	2017.0364	36.5545	1.1262
53367	supply chain management	-0.0592	-0.6525	4	200	458	62	2019.4194	52.5806	2.221
53393	supply chains	0.0463	-0.6031	5	399	1360	166	2018.7831	33.6145	1.2757
53422	support vector machine	-0.9724	0.5924	3	213	569	53	2019.3396	25.9057	1.0204
53435	support vector machines	-0.9268	0.6459	3	571	3350	286	2019.2203	29.8741	1.1723
53444	support vectors machine	-0.9628	0.5995	3	164	365	30	2021.0667	17.0333	1.0318
53509	survey	-0.3036	-0.5258	1	284	690	79	2018.3797	47.8987	1.6901
53521	surveying	-0.298	-0.5268	1	218	471	48	2016.6458	71.6667	2.1336
53523	surveys	-0.2949	-0.3843	1	775	4896	545	2018.7156	68.2165	2.4402
53548	sustainability	-0.0352	-0.6139	1	188	413	59	2020.0847	34.6441	1.414
53567	sustainable development	-0.0393	-0.5962	1	404	1080	124	2019.1935	31.7581	1.3034
53615	svm	-0.97	0.6335	3	174	439	40	2018.225	30.45	1.1251
53748	synchronization	0.9484	0.4232	2	157	365	45	2018.6667	22.7333	0.923
53868	system architectures	0.1831	-0.2248	4	248	507	51	2017.2549	76.6275	2.496
54007	system of systems	0.3337	-0.4214	5	226	475	53	2018	24.7925	0.7722
54060	system security	0.0622	-0.4327	5	316	653	77	2017.5584	31.2468	1.0187
54073	system stability	1.2001	0.2924	2	341	1345	125	2019.216	35.384	1.3581
54090	system theory	0.7685	-0.1918	2	192	341	33	2017.1818	33.9394	1.0316
54114	system vulnerability	0.5449	-0.439	5	193	343	40	2018.375	30.9	1.0774
54146	systematic literature review	-0.2652	-0.6561	1	297	756	97	2020.4948	26.7835	1.2627
54159	systematic review	-0.7366	-0.802	1	254	619	72	2020.3611	33.8056	1.5088
54183	systems analysis	0.3479	-0.2507	5	308	759	77	2017.0909	23.3896	0.7834
54196	systems engineering	0.3632	-0.4092	5	386	1143	130	2016.4538	25.1	0.806
54398	task analysis	-0.6046	-0.0785	1	216	437	40	2021.25	30.45	1.5104
54442	taxonomies	-0.3045	-0.5569	1	402	1258	148	2018.0541	41.1284	1.4608
54443	taxonomy	-0.3066	-0.5679	1	247	571	66	2017.6061	28.0606	1.0055
54501	teaching	-0.4343	-0.6847	1	196	584	69	2015.5942	16.7391	0.4972
54681	technological advancement	0.0223	-0.2132	4	203	347	36	2019.1111	16.2222	0.6338
54694	technological development	-0.09	-0.596	1	209	366	46	2018.9565	21.3913	0.9104
54736	technology	-0.6053	-0.7405	1	292	657	75	2017.32	50.6133	1.6788
54826	technology transfer	-0.2927	-0.6196	1	197	324	41	2017.5122	23.0732	0.8418
54855	telecommunication networks	0.5174	0.0914	2	413	1126	108	2014.2963	42.4815	1.4086
54893	telemedicine	-0.8359	-0.8268	1	166	495	53	2019.3962	26.0377	1.112
55079	terrorism	-0.2665	-0.5022	1	427	1219	151	2015.5894	22.2517	0.7226
55148	testbed	0.6727	-0.4543	5	283	745	68	2017.0882	25.8235	0.8638
55158	testbeds	0.715	-0.441	5	526	2392	222	2017.2387	26.9144	0.9152
55159	testing	0.239	-0.2994	5	270	531	59	2017.7797	26.3051	0.9174
55211	text processing	-1.0073	0.4662	3	148	378	43	2019.0698	16.6279	0.7003
55408	threat	-0.3892	-0.808	1	390	1289	150	2018.02	29.2533	1.0124
55440	threat detection	-0.6498	0.3483	3	290	660	76	2019.2632	23.3421	0.9437
55466	threat intelligence	-0.6074	-0.1318	1	234	530	75	2019.44	14.2267	0.5932
55492	threat modeling	0.1762	-0.6176	5	292	732	94	2019.2234	22.0319	0.8602
55646	time delay	1.1904	0.3471	2	159	429	40	2019.3	21.975	0.9774
55704	time series	-0.5309	0.4036	3	218	514	56	2018.6786	27.2857	1.0347
55705	time series analysis	-0.5309	0.3854	3	225	436	47	2018.4043	21.1277	0.8586
55866	timing circuits	1.1323	0.3342	2	256	550	51	2019.8039	18.0784	0.8033
55944	tools	-0.3501	-0.3518	1	205	393	44	2015.3636	25.8182	0.8231
56002	topology	0.7949	0.1601	2	471	1611	188	2018.3936	25.2819	0.928
56195	traffic congestion	0.3548	0.5685	4	186	410	43	2018.6744	18.093	0.7104
56198	traffic control	0.3412	0.5354	4	212	448	49	2017.9184	22.4694	0.8178
56307	training	-0.4767	-0.7111	1	251	583	75	2018.5333	19.2667	0.7308
56437	transfer functions	-0.0354	0.4828	4	175	406	37	2018.8108	26.2973	0.983
56440	transfer learning	-0.7927	0.8722	3	203	553	63	2020.6984	68.8889	3.2319
56539	transmission control protocol	-0.0208	0.6827	3	308	876	84	2016.2381	42.9048	1.2629
56638	transportation	0.321	0.3935	4	236	502	53	2017.5283	23.8868	0.9409
56673	transportation system	0.3363	0.4098	4	207	415	46	2018.5217	28.087	1.0753
56729	trees (mathematics)	-0.2991	0.4454	5	373	1064	103	2018.4272	27.8447	1.0477
56821	trust	-0.6878	-0.7195	1	366	1061	133	2017.8571	29.3684	1.0336
56852	trust management	-0.1719	0.3304	4	182	378	42	2019.3333	34.4762	1.4645
56903	trusted computing	-0.1969	0.1501	4	332	918	103	2018.3592	36.1845	1.284
57014	turing machines	-0.7054	0.5444	3	249	532	53	2020.566	15.8113	0.7402
57173	uav	0.3959	0.5063	4	163	368	37	2019.2973	38.4324	1.4602
57202	ubiquitous computing	-0.1616	-0.0175	4	431	1275	142	2016.6972	24.831	0.7843
57298	unauthorized access	-0.3797	0.0922	4	296	634	69	2018.5217	23.5217	0.853
57340	uncertainty	0.8543	0.178	2	264	558	56	2019.7679	22.7143	0.9763
57341	uncertainty analysis	0.8799	0.1754	2	326	853	89	2018.7303	34.6854	1.2906
57501	united states	-0.8177	-0.8373	1	216	931	94	2017.4255	34.8298	1.1917
57511	units of measurement	1.2298	0.176	2	157	460	42	2015.2143	44.5238	1.2756
57597	unmanned aerial vehicle	0.4151	0.4956	4	174	395	36	2020.1111	19	0.9429
57608	unmanned aerial vehicles (uav)	0.3993	0.4868	4	415	1474	147	2018.2517	49.7687	1.8295
57690	unsupervised learning	-0.6168	0.649	3	226	542	50	2019.92	26.34	1.1043
57693	unsupervised machine learning	-0.5873	0.648	3	179	400	37	2019.1351	35.3784	1.35
57958	user interfaces	-0.5689	-0.228	1	276	540	67	2013.9104	19.806	0.6212
58174	vanet	0.2795	0.6215	4	151	391	37	2019.7297	19.3784	0.8487
58368	vehicle to vehicle communications	0.3094	0.5629	4	415	1740	164	2019.2744	29.7622	1.1693
58383	vehicle-to-grid	1.0322	0.0071	2	184	404	35	2019.6	38.6	1.5843
58398	vehicles	0.2705	0.5823	4	585	3270	337	2018.7418	26.9852	1.0252
58405	vehicular ad hoc networks	0.2847	0.6141	4	286	1025	93	2019.5914	22.2258	0.9266
58413	vehicular adhoc networks (vanets)	0.2905	0.6134	4	159	400	34	2020.9412	15.1765	0.8358
58436	vehicular networks	0.2626	0.6078	4	185	487	51	2019.5882	36.8824	1.5263
58469	verification	0.276	-0.3438	5	217	466	58	2017.5	13.8448	0.4594
58658	virtual machine	-0.2983	0.0762	4	219	534	53	2017.8302	28.9623	1.0113
58716	virtual reality	-0.1926	-0.0885	4	479	1472	166	2017.3193	23.9096	0.9025
58768	virtualization	-0.1042	-0.019	4	219	480	57	2016.5614	30.807	0.9833
58795	viruses	-0.7639	0.1054	3	376	1058	112	2016.5	31.0268	0.9372
58820	visual analytics	-0.6651	-0.2164	1	134	371	55	2016.4364	12.7455	0.4132
58872	visualization	-0.6618	-0.2078	1	432	1619	201	2015.9801	19.5174	0.6302
58955	voltage control	1.1385	0.1243	2	146	349	35	2018.0571	49.5143	1.6583
59048	vulnerability	-0.0457	-0.7147	1	593	2356	283	2017.9505	31.9223	1.0697
59051	vulnerability analysis	0.7802	-0.3665	5	280	725	83	2017.7711	26	0.8399
59054	vulnerability assessment	0.325	-0.6971	5	256	645	71	2016.7183	27.2817	0.92
59060	vulnerability assessments	0.3309	-0.6892	5	388	1192	126	2017.3968	24.9524	0.8267
59231	water distribution systems	0.7233	-0.3581	5	221	685	56	2018.5536	38.3036	1.3284
59269	water supply	0.7079	-0.3945	5	211	487	45	2016.3333	33.8889	1.2441
59273	water supply systems	0.7114	-0.4115	5	182	472	39	2017.1538	39.8462	1.3416
59281	water treatment	0.634	-0.4834	5	293	1123	99	2018.4343	38.3737	1.3114
59307	watermarking	0.6778	0.3176	2	196	424	52	2019.3462	25.9038	1.0626
59389	wearable technology	-0.7105	-0.5486	1	171	343	32	2018.7188	88.4688	2.6921
59412	web application	-0.6975	0.0076	3	170	356	50	2017.54	12.88	0.4703
59508	web services	-0.3432	0.0644	4	465	1374	156	2017.0064	21.7372	0.7235
59588	websites	-0.9877	0.1125	3	450	2130	233	2017.6695	23.9957	0.8611
59691	wi-fi	-0.0341	0.3057	4	228	428	47	2017.9362	16.4468	0.6133
59726	wide area networks	0.9731	-0.0321	2	307	850	76	2017.7368	42.1974	1.3029
59808	wind power	1.0656	0.0519	2	172	363	37	2018.2162	28.8649	0.9671
59902	wireless communication	-0.7647	-0.8045	1	175	417	40	2017.475	29.625	0.9916
59915	wireless communications	0.3726	0.3746	4	363	1128	117	2018.5299	24.8376	0.9659
59981	wireless networks	0.1071	0.4104	4	410	1327	134	2017.1866	26.0746	0.9221
60010	wireless sensor networks	0.377	0.3193	4	428	1585	177	2017.4689	46.4746	1.5393
60030	wireless telecommunication systems	0.3357	0.3215	4	437	1312	142	2015.8803	37.6268	1.1637
60169	world wide web	-0.5256	-0.3133	1	278	664	82	2012.939	23.561	0.6327
60288	young adult	-0.8914	-0.7983	1	110	344	25	2018.72	33.48	1.2725
60312	zero day attack	-0.7436	0.8287	3	181	425	39	2018.8718	30.8205	1.1463
60341	zero-day attack	-0.7548	0.8303	3	212	548	52	2020.7308	16.6154	0.895
